id,y_true,oof_pred
1,0,0.006176943559192201
2,0,0.011323193350888657
3,1,0.2098047592509161
4,0,0.7064714784224096
5,0,0.007015409205255438
6,0,0.009648874358041556
7,1,0.9485934096313106
8,0,0.044166513136776185
9,0,0.8795406329550508
10,1,0.799311035918034
11,1,0.9167828760685528
12,0,0.8399337026527902
13,0,0.2210857866761614
14,0,0.5695736462154469
15,0,0.1214005123825931
16,0,0.14701098893031023
17,1,0.8813623156157365
18,0,0.07740347340706606
19,0,0.5583099112832137
20,0,0.15782740086177882
21,0,0.09443727739681694
22,1,0.9616681574913095
23,0,0.15452014513752413
24,0,0.8040428296057303
25,0,0.774510344049834
26,0,0.07793716281221211
27,1,0.928300607837223
28,0,0.2630376970022411
29,0,0.010287346827308468
30,0,0.09980289349995575
31,1,0.9452492504983168
32,1,0.8854907568565472
33,0,0.08804835151085602
34,0,0.011567719543336935
35,0,0.10740142719349922
36,1,0.5453545488509687
37,0,0.05903425597496232
38,1,0.9322350819844294
39,0,0.4104639701723305
40,0,0.7249092635869383
41,0,0.7454294944474388
42,1,0.8218599802637934
43,0,0.044150732520713776
44,1,0.8164175616953318
45,0,0.009956631731958914
46,1,0.888909201903742
47,0,0.014133621103184335
48,1,0.6644848893652827
49,1,0.6719510988119214
50,1,0.8710149202914541
51,0,0.25417169874748924
52,0,0.014390819547464618
53,0,0.02060455190197103
54,0,0.03693039967480801
55,1,0.8035229828237321
56,0,0.6405689373521664
57,1,0.8720095612336995
58,0,0.055020726569837086
59,1,0.7940246962182649
60,1,0.9232411146791915
61,1,0.24204433208852508
62,0,0.0021569090381061413
63,0,0.034516026205449746
64,1,0.9145631121878883
65,1,0.9318985881823922
66,0,0.04032747802311942
67,1,0.7932324267435187
68,0,0.4747940822932817
69,0,0.21238487656616528
70,1,0.5448676496698689
71,0,0.034684655312052705
72,1,0.49213839752624994
73,0,0.015124798482449062
74,1,0.922612586159267
75,1,0.8840559221926694
76,0,0.13656905419965068
77,1,0.6616293607707471
78,0,0.0278287931176773
79,0,0.9101787109317941
80,1,0.5980854037838175
81,0,0.007605092480275425
82,1,0.8789108322420575
83,0,0.010228859842747018
84,0,0.04893799490289279
85,0,0.39483167840653355
86,1,0.7975622923945991
87,1,0.8723199995961589
88,1,0.920553507151134
89,0,0.0097368421194809
90,0,0.6989925152965892
91,0,0.008317074087906402
92,0,0.059669178553631845
93,0,0.22229074200350588
94,1,0.7874721728467735
95,1,0.036714376174707145
96,0,0.018293485927758032
97,0,0.249152984060224
98,0,0.9062530687872339
99,0,0.1047985271111128
100,0,0.40654211931093187
101,1,0.6646168286351736
102,0,0.031761474595546284
103,0,0.0033205579135299366
104,0,0.0072643095442980875
105,0,0.011866335790802082
106,1,0.34440793436521233
107,1,0.9398695932065594
108,0,0.006462209731674181
109,0,0.008208665555453326
110,1,0.927241220211774
111,0,0.06575777898143353
112,0,0.05127482994235934
113,0,0.015047845996094716
114,1,0.9152431998921134
115,0,0.0025841477388490715
116,0,0.011762396477774507
117,0,0.35279476837750773
118,1,0.8669506495775007
119,1,0.8990938749948276
120,0,0.012678720741290606
121,0,0.1986278748467822
122,0,0.005075628781060465
123,0,0.004649862727723996
124,0,0.04570217934640337
125,1,0.9488462350960091
126,0,0.014517073195750511
127,1,0.20471031874115395
128,0,0.017404651972575305
129,0,0.066123725713116
130,1,0.9561993762914303
131,0,0.032059832346169326
132,1,0.9325741104012071
133,1,0.9569805643648395
134,0,0.019863979528751564
135,0,0.20368825831889265
136,0,0.04184220251395254
137,1,0.9367020603996139
138,0,0.01460377767458566
139,1,0.8797645371755287
140,0,0.2819029658503848
141,1,0.9626824626413575
142,0,0.4311981264819336
143,0,0.028888911111065792
144,1,0.9614078674635511
145,0,0.026950692962954735
146,0,0.17420864337328315
147,0,0.012869484650726723
148,1,0.7701202361373092
149,1,0.968005524286685
150,0,0.1336765870344897
151,0,0.023339036728904937
152,0,0.0641289151673707
153,0,0.0809370742274115
154,0,0.39411558167054583
155,0,0.16351792109279045
156,0,0.010490551716951416
157,0,0.030043530983663427
158,1,0.16811316615364003
159,0,0.05757912927431039
160,0,0.9069198258179756
161,1,0.7013648591196976
162,0,0.009961072627811126
163,0,0.002502396590563084
164,1,0.8598294674382574
165,1,0.8888452819148053
166,1,0.8737838991325289
167,0,0.00787510624170198
168,0,0.0024076442169984127
169,0,0.006389438182333101
170,1,0.8304042181269027
171,1,0.7347417817534219
172,0,0.21751219496443708
173,0,0.021624139058834296
174,0,0.010170080329155924
175,1,0.6325018105873437
176,1,0.5798420529169197
177,1,0.9024814556796616
178,0,0.22518400549071307
179,0,0.006570938076785317
180,0,0.012208954524386135
181,0,0.5413864353877126
182,1,0.6402471785830799
183,0,0.7906660476283137
184,0,0.06030498738125023
185,0,0.8994164530557016
186,0,0.8273195427232941
187,1,0.433362096143029
188,0,0.20881887262667453
189,1,0.9251877760456055
190,1,0.9281555235892948
191,0,0.0017226854055867149
192,1,0.5487118211408382
193,0,0.0014741438414135723
194,1,0.8906003742555493
195,0,0.017494766275712493
196,0,0.023586164933898708
197,1,0.4368027598126025
198,1,0.6324459827217482
199,1,0.03763597600322837
200,0,0.5891649309433806
201,0,0.4808097615727117
202,0,0.6661108120664078
203,1,0.8806821271076872
204,0,0.5920750212852859
205,0,0.067950602961774
206,1,0.965244136526407
207,0,0.6876001761028023
208,1,0.8726103662161507
209,0,0.2566014507421769
210,1,0.6896419845428103
211,1,0.8436348914944918
212,0,0.003124724196743341
213,0,0.0024226968043222453
214,0,0.001605677763185736
215,0,0.007533116932842832
216,0,0.5671548119127986
217,0,0.07332586476250197
218,0,0.6838768309627591
219,0,0.027135181419822657
220,1,0.5660872171707518
221,0,0.0364595006570595
222,0,0.16948860677078761
223,0,0.08094471774246131
224,1,0.8384594010977872
225,0,0.0036737180689133007
226,0,0.06343241851905479
227,0,0.027676560711207436
228,0,0.14100239474246984
229,1,0.9557438143791867
230,0,0.24504508670591119
231,1,0.887759422388985
232,1,0.7540783636074169
233,0,0.20165424499219245
234,0,0.6303460474947192
235,0,0.46431871853640355
236,0,0.6930802409766792
237,1,0.9273582803074436
238,1,0.8902606762079786
239,0,0.7699172763308907
240,0,0.22798689781722906
241,0,0.005214249760496553
242,1,0.7087015615293841
243,1,0.732302101371469
244,0,0.09070390033319263
245,1,0.24059808879818945
246,1,0.7873824316831584
247,0,0.006906445363516135
248,1,0.9575889016840964
249,1,0.8152182569889888
250,0,0.027472454945868155
251,0,0.004587404331649909
252,1,0.9198760716123368
253,0,0.018188349470812302
254,0,0.0021013128373994633
255,0,0.007059104008182538
256,0,0.1935883535789749
257,0,0.008584554030179376
258,0,0.015795267660562287
259,0,0.48571772723362167
260,1,0.8132237881325932
261,0,0.23942635927920664
262,0,0.5767248367464947
263,0,0.31480640162955775
264,1,0.9579748178405831
265,1,0.9241599946976793
266,0,0.03629206383076572
267,0,0.24261903298935097
268,0,0.06835747089679467
269,0,0.11746114608351388
270,1,0.7307052683856722
271,0,0.0040196060553822415
272,0,0.1785763956087615
273,0,0.014572895248601324
274,0,0.31317555973077965
275,1,0.4836222502257443
276,0,0.040810039676980506
277,0,0.3762018607030191
278,1,0.6489134683005541
279,0,0.23271072581062607
280,0,0.015086391479784838
281,0,0.8396191220384275
282,1,0.8571825913614295
283,0,0.011761750098523503
284,0,0.16134102570945516
285,0,0.1641918598225982
286,0,0.009843729634145856
287,0,0.809586230958053
288,1,0.9354154873919699
289,1,0.7270759601056415
290,0,0.09710154363463668
291,0,0.008513647947933094
292,0,0.14979051243057795
293,0,0.010867054006664616
294,1,0.47072069903590497
295,0,0.011485970463124875
296,0,0.06296969126725509
297,0,0.13865892682311914
298,0,0.003641781210967505
299,1,0.881117031563827
300,0,0.03290418031400677
301,0,0.05063149559746252
302,1,0.8849307332036269
303,0,0.002465170211971622
304,1,0.6086314301840063
305,1,0.9388666940009396
306,0,0.006761306582232674
307,0,0.02912653327822453
308,0,0.49451082307764216
309,1,0.8798762501075835
310,0,0.040211470862769785
311,0,0.026488238317091194
312,0,0.003239545015680667
313,0,0.0040872276497692685
314,0,0.13585921597643946
315,1,0.28248509491981716
316,0,0.037812625043711794
317,0,0.00468712997618469
318,0,0.7606914033126397
319,0,0.01744607604325998
320,0,0.20519767942619566
321,0,0.02621116764613589
322,0,0.23586537173092886
323,0,0.005450727102586126
324,0,0.9458715311069349
325,0,0.2023613562719574
326,0,0.018512991833794783
327,0,0.030993396971307763
328,0,0.8015206782514392
329,0,0.3444096298325508
330,0,0.018706237298225285
331,1,0.8797745211527271
332,0,0.01293731401335341
333,1,0.09621016557464881
334,1,0.889796541559141
335,0,0.3624352551976025
336,0,0.09831811813973917
337,0,0.8092357600549804
338,0,0.013638763073819036
339,0,0.06240658036023798
340,0,0.04145776777202127
341,0,0.14093505600049444
342,0,0.5036388721033591
343,0,0.22467012693528646
344,0,0.054859752810805976
345,0,0.026762796231742686
346,1,0.7239585250736
347,0,0.0015838089739382618
348,0,0.7742306672656222
349,0,0.2161329593918679
350,0,0.012138423849884828
351,0,0.019815853627730216
352,0,0.003668310848994144
353,1,0.9310828671306105
354,1,0.7812579287399876
355,0,0.7294599789836869
356,0,0.03803076227033857
357,0,0.04269890781618646
358,0,0.6733997423731298
359,0,0.06700286461664659
360,1,0.8232635123687218
361,1,0.8843588875714182
362,0,0.0036111885236120673
363,0,0.03384446438631983
364,0,0.05701717508295836
365,0,0.009098659694414637
366,0,0.0028576092943439083
367,0,0.01385775587623404
368,0,0.2675548451014008
369,0,0.04792627376178859
370,1,0.8483268567042576
371,1,0.4262129218429484
372,0,0.01001773129027007
373,1,0.7862698932018317
374,1,0.580909159934716
375,1,0.9408024817725656
376,0,0.048343403091604245
377,0,0.033078277765144395
378,1,0.9443214869481248
379,1,0.8951643453335261
380,1,0.7441390872454113
381,0,0.22925073428532305
382,0,0.030828513125235837
383,1,0.935431895764554
384,1,0.47487338213816754
385,1,0.9601465126869263
386,0,0.016400944643644232
387,0,0.013365194667921
388,0,0.001207408108392986
389,0,0.005552115128907492
390,0,0.02733848601327339
391,0,0.039473382234288
392,0,0.014605117272508227
393,1,0.7760236817538683
394,1,0.728068869395479
395,0,0.008744075551535014
396,0,0.007477177872175954
397,0,0.05368840193506305
398,1,0.6316550093157733
399,1,0.8941953539916062
400,1,0.9368065890784802
401,1,0.1908769425456822
402,0,0.003872711461292415
403,0,0.9761415202479424
404,0,0.03279987864252429
405,0,0.2974141422539459
406,1,0.8107793301744668
407,0,0.7900176183226377
408,0,0.026157887438567992
409,1,0.9445486602776849
410,1,0.8514298897434971
411,0,0.005951990049371598
412,0,0.11735262045712413
413,1,0.9192636838603313
414,0,0.08946462252791174
415,0,0.5125500674535036
416,0,0.02700916862810317
417,1,0.8932593971402553
418,0,0.7357754063333568
419,0,0.05032022423163934
420,0,0.05601126988074809
421,0,0.011695789224882486
422,1,0.8882624137666735
423,0,0.6254627422216661
424,0,0.005668461926073242
425,0,0.8296362930056826
426,0,0.009219182449782752
427,0,0.0022997601613005698
428,1,0.7733056818002859
429,0,0.4694773282820457
430,0,0.4055163035305377
431,1,0.8446301455391935
432,0,0.0007001063519065031
433,1,0.8149034564084054
434,0,0.3031223447026908
435,0,0.00963447158102246
436,0,0.027656526529503067
437,0,0.002535792101444082
438,1,0.8192378359762745
439,1,0.9674194807066714
440,0,0.0693180493823283
441,0,0.030813091332584287
442,0,0.010927290265304954
443,0,0.5307965447605519
444,1,0.9042662586042332
445,1,0.538679869951836
446,0,0.027818870992230606
447,0,0.0035210784445126593
448,0,0.43661079561910704
449,1,0.8258971328620354
450,0,0.8831050977793647
451,1,0.9102188263227255
452,0,0.007398702718275044
453,1,0.9099869375694455
454,0,0.17373701762957194
455,1,0.9187505660565184
456,1,0.8549050892062221
457,1,0.38435630170790486
458,0,0.013886594023151438
459,1,0.7210228118847929
460,1,0.8428367402613005
461,0,0.007821006368462167
462,0,0.10136212157342737
463,1,0.9262954873154432
464,0,0.45446138868342983
465,0,0.010731580942642802
466,0,0.003987346736922347
467,0,0.00912526781517983
468,1,0.7134031364037356
469,1,0.9462215746308329
470,1,0.5471479511529429
471,1,0.9587169292989425
472,1,0.8250491615227399
473,0,0.02430921776941096
474,0,0.052892997516935866
475,1,0.006584293660861604
476,0,0.00566191061299115
477,0,0.024516596706387235
478,0,0.008673061149152828
479,0,0.6491475516667992
480,0,0.003298857825809474
481,1,0.9143956272132121
482,1,0.8338283809260851
483,1,0.9281358501017786
484,0,0.3419363877363807
485,1,0.941800895742642
486,0,0.03614604714360605
487,0,0.0017445852399312614
488,1,0.6146616403935699
489,1,0.6690852335738044
490,1,0.6416385012875115
491,1,0.8374052597648084
492,0,0.09741564076104296
493,0,0.02603427937326525
494,0,0.27245591751428805
495,1,0.28859390696817033
496,0,0.028443042745109254
497,0,0.013051745294658773
498,1,0.6533558106764007
499,1,0.49433609992947486
500,0,0.7560649815563174
501,0,0.04895617365339515
502,0,0.7691018720908535
503,0,0.021468142053946815
504,0,0.08625363513167665
505,1,0.897766270146659
506,1,0.7803015454795825
507,0,0.7033239975845711
508,0,0.5697701388917922
509,1,0.9143229459302341
510,1,0.2403223080793745
511,1,0.9060055066997821
512,1,0.8496882441294852
513,0,0.03845152608488469
514,0,0.17185128915817002
515,0,0.08615219088364792
516,0,0.3209433434053186
517,0,0.022647018828878034
518,0,0.029149142663618614
519,0,0.00939975338094282
520,0,0.027030165250891615
521,0,0.09549593581199547
522,0,0.0037067952986942175
523,1,0.7945360596194508
524,0,0.005989583881764874
525,0,0.7163154987816673
526,0,0.9140801086924101
527,1,0.8627067803424852
528,0,0.07850732340282854
529,1,0.8101471852917466
530,0,0.7015754887552844
531,1,0.9016175104156119
532,0,0.001111719128616894
533,1,0.8590389147864743
534,0,0.34719142419934107
535,0,0.014455086489121896
536,0,0.011110140432697674
537,0,0.004308829833552381
538,1,0.8484079414478054
539,1,0.9593853852041742
540,0,0.038207686029294065
541,0,0.08590114689664728
542,0,0.021313851395135135
543,0,0.07206987688179722
544,0,0.00984325958104516
545,0,0.049076980133332865
546,0,0.03919858187439603
547,0,0.06530443519686893
548,0,0.019385947297959595
549,0,0.011771800970579803
550,1,0.5175516565562178
551,1,0.8651977652923539
552,0,0.24886006349800494
553,1,0.9244218469704559
554,0,0.0022835587443664016
555,0,0.9027034971837045
556,0,0.03988358884634724
557,0,0.0856341067238916
558,0,0.0007665256402307476
559,0,0.6500624406439949
560,0,0.015266354180270973
561,0,0.004942347299995335
562,0,0.14774663142819133
563,1,0.8979045448279248
564,0,0.881196973400322
565,0,0.015496155610330301
566,1,0.8364808338538017
567,0,0.015712419415682514
568,0,0.21960398124296773
569,1,0.9143229635208007
570,1,0.8442864198966819
571,0,0.06192339968439909
572,0,0.17284991092996943
573,0,0.5379840779648952
574,0,0.120834087029203
575,0,0.0028152663308820417
576,0,0.012688506513286638
577,0,0.010164199590571483
578,0,0.4151212576129242
579,0,0.014099135302622893
580,0,0.0006928208566249285
581,0,0.17978928167344946
582,1,0.8931360078276992
583,0,0.009024475046220464
584,1,0.8425864716079262
585,1,0.8306472449721296
586,0,0.0059278542072814305
587,0,0.011319874613462415
588,0,0.19329530835753625
589,0,0.029586722437846887
590,1,0.900888834694965
591,1,0.7484338109655505
592,0,0.010739570370134895
593,0,0.026611432616170303
594,0,0.02371139054799934
595,0,0.03249643791004004
596,0,0.013921341731670181
597,0,0.06314900750035171
598,1,0.9106137108707922
599,1,0.41523754991808337
600,1,0.9154120867170769
601,1,0.7612359780924242
602,0,0.42074382404412236
603,0,0.0032331480132856134
604,1,0.8789689833840185
605,1,0.860457933171595
606,1,0.6756602737494277
607,1,0.6976057101404067
608,0,0.011845888084139305
609,0,0.12314480781606607
610,0,0.004372281667422341
611,0,0.7664021619669794
612,1,0.15401502238430625
613,1,0.7754037042614838
614,0,0.005569444197143845
615,1,0.8085514757563477
616,0,0.049216773973943875
617,0,0.06441481971619321
618,0,0.005493565847837018
619,0,0.057187027450931335
620,1,0.9322246220211401
621,0,0.11041793797739455
622,1,0.8290638640446577
623,0,0.11046021521849539
624,0,0.008730193658428335
625,1,0.9097973054469999
626,0,0.004677657755325505
627,1,0.8694853090971172
628,1,0.940106404718057
629,0,0.8278436416863575
630,0,0.0032271175739843234
631,1,0.8613497050994402
632,1,0.7856616153666308
633,0,0.059069541837828844
634,1,0.8990743222723786
635,0,0.025035308722750484
636,0,0.034775251625148725
637,1,0.8931634147615842
638,0,0.007551384510499552
639,0,0.3625851343256112
640,1,0.6719708806708224
641,1,0.774530896091291
642,0,0.017396591957975063
643,0,0.04077005427640339
644,0,0.06027141883957131
645,1,0.9559336887332407
646,0,0.007487468295897086
647,0,0.0008567440514883646
648,1,0.9485701385932196
649,0,0.0815349403183827
650,0,0.004269546348056515
651,1,0.9346635027639938
652,0,0.4171531675929425
653,1,0.918906154353142
654,1,0.9545286039919887
655,0,0.0396558552366819
656,0,0.22024988201338006
657,1,0.88720310880632
658,0,0.4336073557510878
659,0,0.2182340550854901
660,1,0.4978367240413559
661,1,0.6457306557663232
662,0,0.006732077775153831
663,1,0.9099103418298696
664,1,0.8508056923199941
665,0,0.37428526426514275
666,1,0.8806516902869269
667,0,0.06637964367797966
668,1,0.9172408561385512
669,1,0.8360661146887717
670,0,0.44805342459783815
671,0,0.00324387093680593
672,0,0.004739698328579161
673,0,0.008794087004851861
674,0,0.017610354493309416
675,0,0.4794226667137944
676,0,0.1802431300443842
677,1,0.8982733412689614
678,0,0.3571013637148084
679,1,0.9095055356429618
680,0,0.008293051806575693
681,1,0.9493703128611519
682,1,0.5574992688850983
683,0,0.642982330132359
684,0,0.7191552402181978
685,0,0.9414779470906618
686,0,0.0011095795342559959
687,0,0.9546906262778581
688,1,0.8099040970214835
689,0,0.0031320346031991223
690,1,0.723640435934481
691,0,0.4196787369592135
692,0,0.015811528815144697
693,1,0.8470673403517635
694,0,0.0523164333567026
695,0,0.18333260126417372
696,1,0.9459640561236571
697,0,0.1723226687663599
698,0,0.16997781653253013
699,0,0.02439862855719931
700,1,0.9148882160889089
701,0,0.023696897990443423
702,0,0.0039524632048607835
703,0,0.026817303340473587
704,0,0.061567011832006927
705,0,0.8380722309405308
706,0,0.21792266862207021
707,0,0.6683375526888123
708,0,0.08655439925133138
709,1,0.897754828796427
710,0,0.030165825157317996
711,0,0.017273555413798845
712,1,0.8238241437998803
713,0,0.03691921476187264
714,1,0.8911733311866167
715,0,0.6051565770415482
716,0,0.008032896032413613
717,0,0.07375794307060606
718,0,0.0018481769611442883
719,0,0.003552978648882766
720,0,0.010634346959813966
721,0,0.02370949444716318
722,0,0.017287250865388543
723,0,0.7787105230121576
724,1,0.6696007791882993
725,0,0.7203085511242854
726,0,0.025072995857601577
727,0,0.07659924441709716
728,0,0.001478180684458492
729,1,0.801303124772033
730,0,0.009433010897196805
731,0,0.024949927560510194
732,0,0.8933635825347443
733,1,0.06563912461164019
734,0,0.016308791021604256
735,0,0.017412796742200455
736,1,0.9027509504909584
737,1,0.8946379163837317
738,1,0.7135355457433809
739,0,0.09674116742318181
740,0,0.1704329634407519
741,0,0.001261474961832799
742,1,0.9219456242965345
743,1,0.798719451318685
744,1,0.8344981568113524
745,1,0.9461773711153054
746,1,0.7717834668807975
747,0,0.15211592387758982
748,1,0.9487671274716037
749,1,0.9134441271637583
750,0,0.51474802968759
751,0,0.007696015030346354
752,1,0.9012940365222675
753,0,0.6010621572073079
754,0,0.010144909971227078
755,1,0.8979878878809209
756,0,0.3322788117674275
757,1,0.8899570594433786
758,0,0.07481274828276226
759,1,0.6724195654085076
760,0,0.01129268152387294
761,1,0.8429933522735961
762,1,0.9450552132854193
763,1,0.813956431439623
764,0,0.007980236989058849
765,1,0.35040031266661975
766,0,0.4700998170332337
767,1,0.7172323447454617
768,0,0.3889547641380052
769,1,0.8014715142012199
770,0,0.023832280729342167
771,0,0.0008544020917566889
772,0,0.01438012608475798
773,0,0.020461177441895274
774,1,0.7859574405874628
775,0,0.20854575224547944
776,0,0.16133178728018444
777,1,0.8120688645742955
778,1,0.9729894652714006
779,0,0.03260161189154805
780,0,0.013839754279397255
781,1,0.7112722320435649
782,0,0.32605306346946955
783,0,0.001373739028884373
784,0,0.13084885144955105
785,0,0.09618883715263599
786,0,0.7218733382100591
787,0,0.1726259671461892
788,0,0.004589932145204901
789,1,0.8320407321407017
790,0,0.05941577648302965
791,0,0.013202944361527056
792,0,0.8417231189698502
793,0,0.1649193814510888
794,1,0.9146933128683771
795,1,0.8965645586883252
796,0,0.0028244526684751076
797,0,0.044729993177557985
798,0,0.0016433120204987315
799,1,0.5386316569773425
800,1,0.7898279830656624
801,0,0.02910174241390001
802,0,0.0015396138837947939
803,0,0.008199810201008413
804,1,0.4468493331532667
805,0,0.006954727945682227
806,0,0.001597999962862478
807,0,0.30415172391876594
808,0,0.002243360915221923
809,0,0.0781507960720913
810,1,0.45471189019892155
811,1,0.5606527581445059
812,1,0.9558167344354046
813,1,0.3691913179400043
814,0,0.005085233747242624
815,0,0.1219482788390096
816,1,0.2979717030877563
817,0,0.016473658609250694
818,0,0.1483569963197951
819,0,0.06546158470897272
820,1,0.8082575651683573
821,1,0.17608403890350038
822,0,0.005256044691535977
823,0,0.09068955172690968
824,0,0.04492606242556363
825,0,0.007345632045908502
826,0,0.004649051701140504
827,0,0.12678814734264565
828,0,0.03034939678461729
829,1,0.6981246381893922
830,0,0.4064112534614339
831,0,0.037861632716087806
832,1,0.18480217783207648
833,0,0.014136074712608172
834,0,0.059026157911868035
835,1,0.7850541863488609
836,0,0.01613852246457559
837,0,0.002113462639781536
838,0,0.02569556758407409
839,0,0.00275367791716516
840,0,0.025315123288981153
841,0,0.13920775263863017
842,0,0.011054629058129995
843,0,0.014963051474743295
844,1,0.9174992229828496
845,0,0.8779418311172978
846,0,0.018481701511372513
847,1,0.5812298340868188
848,0,0.027045924264190724
849,0,0.04808942749282042
850,0,0.011067365906499448
851,1,0.7608324171136378
852,0,0.005318948113497417
853,1,0.9446511691239292
854,1,0.8259778528320718
855,0,0.043634124552309514
856,1,0.9618636213553464
857,1,0.6736614203843485
858,0,0.015857846031223616
859,1,0.8611605387406434
860,0,0.08652014232400045
861,0,0.03096412703059688
862,1,0.8029238928413179
863,0,0.017761775284312182
864,0,0.12918777281493987
865,0,0.036003836009739804
866,1,0.6997598625097248
867,0,0.3897968438293563
868,1,0.4877070778489989
869,1,0.9362395158923094
870,0,0.03585175868571834
871,0,0.22689230514978784
872,1,0.9157799887861195
873,1,0.8157668111752757
874,0,0.02201570506098223
875,0,0.8027853027449335
876,0,0.2218369913936296
877,1,0.46394033482254443
878,0,0.23903835624959308
879,0,0.039000435164982944
880,1,0.9243733232700371
881,0,0.141155998443853
882,0,0.09194881839547803
883,1,0.545633983416158
884,1,0.7861017907339066
885,0,0.016100882145555325
886,0,0.0028010312197165282
887,0,0.07171667096363463
888,1,0.9330986329124302
889,1,0.9483989631546519
890,0,0.19949642786711141
891,0,0.021786902213645896
892,1,0.6811977248982902
893,0,0.011255185461761059
894,1,0.3299763731175323
895,0,0.018486903017982597
896,0,0.6063199546954664
897,0,0.23305655687830237
898,1,0.39484896735654107
899,1,0.7103085149466024
900,1,0.9147193570180546
901,0,0.2825693465785601
902,1,0.8737885272784736
903,1,0.8691791615963825
904,1,0.9447429380996233
905,0,0.04700244475809574
906,1,0.5316396001369137
907,0,0.003952690385850099
908,0,0.03304274549566197
909,1,0.8372801049311259
910,1,0.6624169744744498
911,0,0.014007028210740662
912,0,0.003446522692337723
913,0,0.8070800191047514
914,0,0.02321268887805118
915,1,0.68407449292081
916,0,0.06266574550738652
917,1,0.8329132608810611
918,0,0.3295450639171101
919,1,0.9638875220007713
920,0,0.003001538754650281
921,1,0.9358035584185136
922,1,0.7603433639064827
923,1,0.9158247545038087
924,0,0.17823402074706918
925,0,0.339077652641878
926,0,0.7959858013166217
927,1,0.913343731000952
928,1,0.4971966569917641
929,0,0.6256088729194198
930,0,0.23636409156633667
931,0,0.021270980087637878
932,0,0.10447910535392528
933,0,0.11252496933851927
934,1,0.8678396390512053
935,0,0.06386705342651194
936,0,0.01682758395551368
937,0,0.012259049307257013
938,1,0.9707474981742832
939,0,0.6865468109882229
940,0,0.008759287199051833
941,0,0.7761019571321766
942,1,0.9778914209314611
943,1,0.8660546215619945
944,1,0.8338721377257324
945,0,0.03889100587567962
946,0,0.5971758557901218
947,1,0.9647653049758665
948,0,0.04673432620765311
949,0,0.3383776623631373
950,0,0.09148163590431309
951,0,0.008804806083142968
952,1,0.7404405653684354
953,1,0.7090084739640476
954,0,0.0017253811313322125
955,1,0.14167213178771212
956,0,0.2268096683240846
957,1,0.7670338452492593
958,0,0.054836720403786766
959,1,0.9564386967148766
960,1,0.8517080925398314
961,1,0.4659548801849794
962,1,0.9223937503002178
963,1,0.9532535665148212
964,0,0.007150837377176597
965,0,0.023174301971208747
966,0,0.010449558714198285
967,0,0.00389964160336599
968,0,0.01753256928117928
969,0,0.014169865350186061
970,0,0.013316642562032154
971,0,0.027576302743378852
972,0,0.019672227503779442
973,1,0.8331382385328123
974,1,0.2952814551561551
975,0,0.0036168045877372525
976,1,0.1195922286795442
977,1,0.9299031927482877
978,0,0.005695079547803928
979,0,0.7153815012659519
980,1,0.9325050795914592
981,0,0.04674523621014219
982,0,0.020813885768187594
983,0,0.016433320665601377
984,0,0.006833043646274621
985,0,0.052920111357834365
986,1,0.6286950120620585
987,0,0.0022178522062701643
988,1,0.8434866564646979
989,0,0.2757996855852739
990,0,0.2305433564189795
991,0,0.01393339931673367
992,0,0.408678180148233
993,0,0.17319212480950025
994,1,0.6572528989689008
995,1,0.7190428071875454
996,0,0.0017986871450833466
997,0,0.13087839483972713
998,1,0.2514572366141721
999,1,0.8455369624101012
1000,0,0.003919041094388049
1001,0,0.009477084652900343
1002,0,0.06204814707476577
1003,1,0.9226632724390511
1004,1,0.91175765229848
1005,0,0.03816659666015521
1006,0,0.0063204371218316974
1007,0,0.05673628207635175
1008,0,0.027348710493706015
1009,1,0.8206991481721018
1010,0,0.23995822257550434
1011,1,0.7795092677245687
1012,0,0.006493467413886725
1013,1,0.5507639998823136
1014,1,0.7745167892212694
1015,0,0.5127850591694915
1016,0,0.030640228403696044
1017,1,0.7249286572267744
1018,0,0.014522704679486256
1019,0,0.0214808605126156
1020,1,0.7455036013644171
1021,0,0.10247548033322314
1022,0,0.05360573058252649
1023,1,0.8683373001383089
1024,1,0.8030804306562433
1025,0,0.12271925974055743
1026,0,0.4885290438581586
1027,0,0.19951791109528702
1028,0,0.592794426474149
1029,1,0.9700822096804227
1030,0,0.02035305615491903
1031,0,0.0022996254035031996
1032,1,0.8794986673355598
1033,0,0.0031885473372454103
1034,0,0.005302857508079741
1035,0,0.002383221848594543
1036,0,0.16030790413592566
1037,1,0.5765422878070092
1038,1,0.8498482920372508
1039,1,0.953525717580731
1040,0,0.0033834265156953798
1041,1,0.9353886726265399
1042,0,0.0012709328081464588
1043,0,0.2533147226028798
1044,0,0.0605270177756197
1045,1,0.5699684681150509
1046,0,0.04261336363507532
1047,0,0.10972669178955222
1048,0,0.022139376818911892
1049,1,0.8660441883870118
1050,1,0.8203590469984205
1051,0,0.4482657797760344
1052,0,0.03198851145084952
1053,1,0.8577852357176947
1054,1,0.7358915862993209
1055,1,0.6670536532209812
1056,1,0.827677428817906
1057,0,0.3706941581014895
1058,0,0.04071707680973004
1059,0,0.034443797556011374
1060,0,0.018667919824768536
1061,1,0.808203549715057
1062,0,0.08010444163020958
1063,1,0.8173048838897553
1064,0,0.8142059277554728
1065,1,0.31231767282612294
1066,0,0.005949340523306009
1067,1,0.9299225937417267
1068,0,0.018378487119340106
1069,0,0.010890979627784913
1070,0,0.005094296577936705
1071,1,0.9092830378948811
1072,0,0.9605924637161942
1073,0,0.0758279175184598
1074,0,0.05413932428758081
1075,0,0.14458303691256646
1076,1,0.9312161339487047
1077,0,0.044866704486238584
1078,0,0.003013660294802678
1079,0,0.6177628756735396
1080,0,0.6581794523175439
1081,0,0.11976666587144023
1082,0,0.006021312267778477
1083,1,0.750164740858873
1084,0,0.02037528588819278
1085,0,0.8201768162054284
1086,0,0.02916570704369505
1087,1,0.8857663110162609
1088,0,0.0028722988716565903
1089,1,0.8786306794282639
1090,1,0.9537728184666306
1091,0,0.0035252805681655237
1092,1,0.815273100462888
1093,1,0.37735494055751523
1094,0,0.050245687095346714
1095,0,0.25036914164062724
1096,1,0.30600325489893526
1097,0,0.008257559709846067
1098,1,0.6690892737549992
1099,0,0.03293223316289243
1100,1,0.8411560029921461
1101,0,0.048454068666292656
1102,0,0.0034647187645772135
1103,0,0.012339655484874971
1104,0,0.18441075782407618
1105,0,0.04071369406186115
1106,1,0.8151210211646644
1107,0,0.021808048864004344
1108,1,0.683509265780783
1109,0,0.015479767599314565
1110,0,0.004475234484266711
1111,0,0.0018431087074924088
1112,0,0.00657813549676111
1113,0,0.09626495715859025
1114,1,0.7005110315305045
1115,1,0.9681001855678784
1116,1,0.9036311753561297
1117,0,0.005348359735057415
1118,1,0.8171230388513799
1119,0,0.012631908561999694
1120,1,0.953343616148892
1121,0,0.0067243782168002475
1122,0,0.05341554205603072
1123,0,0.013454439507807375
1124,1,0.8512016556000248
1125,0,0.011234981591350338
1126,0,0.08440223885305288
1127,0,0.011147328841544544
1128,1,0.09204986057087472
1129,0,0.642844556104592
1130,0,0.4194016803437461
1131,1,0.8722229151933537
1132,1,0.8557255106047345
1133,0,0.09980956124318091
1134,0,0.24380633211022049
1135,0,0.11171453981127494
1136,1,0.7227733802019953
1137,0,0.7247978090710503
1138,1,0.6804504231686538
1139,0,0.2609523900696775
1140,0,0.0076788740867913445
1141,0,0.16192955248642407
1142,0,0.5266222906750022
1143,0,0.3821129916227275
1144,0,0.0036944866002634933
1145,0,0.05700655506857875
1146,0,0.01278421333345703
1147,1,0.8798610566701573
1148,0,0.0785044439860311
1149,0,0.012967328584273095
1150,0,0.11668423532119027
1151,1,0.8847356961471391
1152,0,0.017333702543664592
1153,1,0.9005287218100385
1154,1,0.6260394637150075
1155,0,0.015427523054501438
1156,1,0.8991470364907655
1157,0,0.22362934950882238
1158,0,0.018991841197681315
1159,0,0.24936555454839623
1160,0,0.14589144127112647
1161,1,0.8352458327050689
1162,1,0.8605351698322632
1163,0,0.02044792671867591
1164,0,0.015724016289983076
1165,1,0.9728183114332967
1166,0,0.06265400083827982
1167,1,0.9457634655838214
1168,1,0.9625920242168222
1169,0,0.015215068401555107
1170,1,0.575450093587582
1171,0,0.027210195273681594
1172,0,0.71790400464303
1173,0,0.5723267029858043
1174,0,0.8829311523861387
1175,0,0.8173758534148913
1176,0,0.019462845202554476
1177,0,0.0009146204145730867
1178,0,0.12837061529582747
1179,0,0.02926167485179515
1180,1,0.9443031401265918
1181,1,0.9330580441946033
1182,1,0.841209861314755
1183,0,0.8393725826436802
1184,0,0.04372000624284404
1185,1,0.43034762645284663
1186,1,0.9345396223132392
1187,1,0.9122190012480087
1188,1,0.4400709634290475
1189,0,0.26608624905537115
1190,0,0.02066862921820009
1191,0,0.5867113526525958
1192,0,0.015411195475388786
1193,0,0.07001078767327557
1194,1,0.44138418870346585
1195,0,0.011186920837204276
1196,1,0.9742267993040706
1197,1,0.36633314508326253
1198,1,0.2118552402867731
1199,0,0.21695055425922166
1200,0,0.009375724807563176
1201,1,0.957212431587186
1202,1,0.8393452433921587
1203,1,0.8716914281611761
1204,0,0.0012622125454798958
1205,0,0.33211853400271263
1206,0,0.018550410866068363
1207,0,0.011506136385719647
1208,1,0.8585223571521351
1209,1,0.9580440129595864
1210,1,0.6936644455796375
1211,0,0.17023389761645616
1212,0,0.02290551910661265
1213,0,0.1538462802696366
1214,1,0.9067184365491618
1215,1,0.7512773986119241
1216,1,0.9502058989112293
1217,0,0.0006022741488772334
1218,0,0.34732410780071415
1219,1,0.9391334142534011
1220,0,0.009036944623739893
1221,0,0.005949739088356399
1222,0,0.14955118953074656
1223,1,0.7861360097859527
1224,1,0.8441929925185346
1225,1,0.8826326668965548
1226,1,0.913825020493676
1227,0,0.025513908542744212
1228,0,0.8770156498386497
1229,0,0.7274042288832615
1230,0,0.04049551721952881
1231,1,0.946781809131227
1232,0,0.014967481666238729
1233,0,0.454715482964147
1234,1,0.8738757198177403
1235,0,0.11987335817769666
1236,1,0.8187925224500681
1237,1,0.8631962942561574
1238,0,0.017287554600537748
1239,0,0.7465547443889711
1240,0,0.7716761215043385
1241,1,0.9080910983334762
1242,1,0.33955420913341955
1243,0,0.07374818328085642
1244,0,0.06097810497645283
1245,0,0.0022535767349649355
1246,1,0.5482832839103161
1247,0,0.0372848213031923
1248,0,0.7877023963744298
1249,0,0.0038455720297530527
1250,1,0.7159580045625065
1251,1,0.6138229163624975
1252,1,0.9462798372328889
1253,0,0.08929680336028464
1254,0,0.0037808427594748354
1255,0,0.020637148954861892
1256,1,0.7043249077082138
1257,0,0.05987752357284104
1258,0,0.0027167011491644804
1259,0,0.09296075298949485
1260,0,0.6378316873470018
1261,0,0.010607270974298193
1262,1,0.691210529289693
1263,0,0.06828612029032918
1264,0,0.29078985334450264
1265,1,0.5165915354386149
1266,1,0.8844620470658887
1267,1,0.9029509804093332
1268,0,0.0254909652997694
1269,0,0.011498131526152502
1270,0,0.8579209577441007
1271,0,0.5132328033581317
1272,1,0.8437033999423252
1273,0,0.004201648633830336
1274,0,0.042311122276052965
1275,0,0.0029210155511485802
1276,1,0.7980623510524629
1277,0,0.007431403976186449
1278,0,0.7673751440345744
1279,1,0.9150228780622416
1280,0,0.012962594729519744
1281,1,0.8929115030050907
1282,1,0.0067752622477929535
1283,0,0.0059740569800932975
1284,0,0.031309702957377915
1285,0,0.2253647740743035
1286,1,0.7514967104204563
1287,1,0.7989258767348185
1288,0,0.02870963246362468
1289,1,0.9485616713471883
1290,0,0.01935315291453821
1291,1,0.9305482256934176
1292,0,0.01709978874510077
1293,1,0.8957152985333305
1294,1,0.8436854171307838
1295,1,0.8841215083174409
1296,1,0.16875889410989847
1297,0,0.0022412971082935262
1298,0,0.04843975491532437
1299,0,0.004729387369295462
1300,0,0.05885555099075329
1301,0,0.0011083396503461227
1302,0,0.5125889262826259
1303,0,0.003325968693506448
1304,0,0.07631604126228454
1305,0,0.042642679011526304
1306,1,0.8912043715704542
1307,1,0.9389086043473677
1308,1,0.9576114074457993
1309,1,0.8394482211534705
1310,1,0.8605616174010337
1311,1,0.8005192640231029
1312,0,0.019167792435800395
1313,0,0.030438003503136885
1314,1,0.7958598827119632
1315,1,0.7251923584649784
1316,0,0.0269914764148811
1317,0,0.015185768089414742
1318,1,0.8616749824721346
1319,0,0.0035734663421360295
1320,1,0.720978553240614
1321,1,0.5678906396713111
1322,0,0.002672201854404735
1323,1,0.7999843587076731
1324,0,0.13066163381860219
1325,1,0.9092220749222597
1326,1,0.9457260944207141
1327,0,0.2670881328065404
1328,0,0.013068684558646172
1329,1,0.5008885805587308
1330,0,0.0022964566305530495
1331,0,0.3759233254217371
1332,0,0.00290653250861823
1333,0,0.009589405434991163
1334,1,0.8511706693245469
1335,1,0.7805578822674883
1336,1,0.40892642885371533
1337,0,0.0038963144416942837
1338,0,0.0032639888401882864
1339,0,0.10777844021950356
1340,0,0.18024732391676382
1341,0,0.4336910617996583
1342,0,0.011609975347958218
1343,0,0.09078447594890407
1344,0,0.015482178170107783
1345,0,0.2000597595430656
1346,0,0.003591255939856793
1347,0,0.031247930700841232
1348,1,0.8127328231852431
1349,0,0.6902451134668428
1350,0,0.12281976907508975
1351,0,0.08884596310878022
1352,0,0.5044576422634726
1353,1,0.974342851282001
1354,0,0.017021586445662262
1355,1,0.9555695528446153
1356,0,0.1321351834757667
1357,0,0.07866136149060148
1358,0,0.9080272924250797
1359,1,0.8615233254972365
1360,1,0.9483162520506377
1361,0,0.002750638626338341
1362,0,0.1453053648438758
1363,0,0.05494484055741823
1364,0,0.015068817203429744
1365,0,0.005301738793248823
1366,1,0.6059685646182622
1367,0,0.006840408158670481
1368,0,0.6533061551600076
1369,1,0.8727179617021545
1370,1,0.7079324112388523
1371,0,0.002380865082011405
1372,0,0.003929260847561842
1373,1,0.7266516835189586
1374,1,0.6578245913023315
1375,0,0.00331225231708326
1376,1,0.37809083905419383
1377,0,0.002394524349240819
1378,0,0.047647627054085005
1379,1,0.7910842157873053
1380,0,0.19341341001345919
1381,0,0.08757578596089803
1382,0,0.0014276241619784313
1383,1,0.8308592323105687
1384,1,0.9426978456020475
1385,0,0.07551712769615178
1386,0,0.06039910295619822
1387,0,0.052408693513590135
1388,0,0.07482345833390601
1389,1,0.47105860767228547
1390,1,0.8663239844079582
1391,1,0.9174944343594494
1392,0,0.002203560614310029
1393,1,0.2749788261003277
1394,0,0.5552928920406016
1395,1,0.48726641155926786
1396,0,0.02116013757550559
1397,1,0.8791418171368467
1398,0,0.26081256948741605
1399,0,0.014530426275476566
1400,0,0.004924460623910175
1401,0,0.08406031053606314
1402,0,0.10295290884001787
1403,1,0.6177860925816204
1404,1,0.8891161111655248
1405,1,0.7090721198635734
1406,1,0.9246010053108094
1407,0,0.003292715119311659
1408,1,0.5366716807160177
1409,1,0.8650510711713899
1410,0,0.45249633570367614
1411,0,0.011760434799516634
1412,0,0.835999245945
1413,0,0.022852507440484175
1414,1,0.947340093231173
1415,0,0.09022847225376882
1416,0,0.11115779841507191
1417,0,0.020840744542876963
1418,0,0.0030801880938054367
1419,1,0.10973425222854322
1420,0,0.02230202933267212
1421,1,0.9616318521989529
1422,0,0.8851551523799264
1423,0,0.01421303003539085
1424,1,0.9719505324958743
1425,0,0.008423569726301748
1426,1,0.7763774310817632
1427,1,0.8956838562197593
1428,0,0.3271754031776448
1429,0,0.0025405670914673472
1430,0,0.8457732857812146
1431,0,0.6516614212224184
1432,0,0.019983022503819503
1433,0,0.08849988117959506
1434,0,0.03165612842884157
1435,0,0.8431504877938584
1436,0,0.0374845589746874
1437,1,0.8909738909247374
1438,0,0.10181025694406014
1439,0,0.1352588475281693
1440,0,0.0009938429433788984
1441,0,0.2799234542816269
1442,0,0.016063513795598672
1443,1,0.9178830346998597
1444,1,0.8714040109890974
1445,1,0.9611578372618321
1446,0,0.6233285143303835
1447,1,0.8605770688257157
1448,0,0.0068286351687361435
1449,0,0.06212979527992772
1450,0,0.0033705489444768918
1451,1,0.8105518627146998
1452,0,0.00150920063930293
1453,0,0.010568867083627306
1454,0,0.0016044479079187456
1455,1,0.8872583087168857
1456,0,0.016921057016427703
1457,0,0.27123112379661773
1458,1,0.8513785255139995
1459,1,0.24584144708905067
1460,0,0.012679929333418924
1461,1,0.7774155124648793
1462,1,0.5118369151079505
1463,0,0.0067182364018662346
1464,0,0.19820027079121652
1465,1,0.8560791195937589
1466,0,0.08621001721515303
1467,0,0.08243058971052014
1468,1,0.8400745196048918
1469,1,0.9571452517814764
1470,0,0.043895554825252786
1471,0,0.05908022929417229
1472,1,0.9526568865244831
1473,1,0.8795332428199409
1474,1,0.8840829265362096
1475,0,0.027540161305855862
1476,0,0.09597763271372214
1477,0,0.29806016679476394
1478,1,0.6632758374443201
1479,0,0.07336348757975386
1480,0,0.025734487669640742
1481,0,0.6724882729577155
1482,0,0.7718257901882588
1483,0,0.0017008360271536349
1484,1,0.12081941640887017
1485,0,0.0765238533951357
1486,0,0.36679778944904273
1487,0,0.01742104069190353
1488,1,0.9042982779427984
1489,0,0.041528762183813274
1490,0,0.7464252783273619
1491,1,0.9148423094032567
1492,0,0.06112822080334331
1493,1,0.9468942701520857
1494,1,0.8827363276219428
1495,0,0.05200133173701863
1496,1,0.5006424390462128
1497,0,0.3444495989262171
1498,0,0.4616957246470832
1499,0,0.04914907657730888
1500,1,0.8605772528785142
1501,0,0.02219155955620623
1502,1,0.4901966623887192
1503,0,0.11006358336281705
1504,0,0.03276158503814986
1505,1,0.961039899026709
1506,0,0.01356736540433618
1507,0,0.011656703630359201
1508,1,0.7904452333576456
1509,0,0.746197648472472
1510,0,0.06699328469251356
1511,1,0.601994335133668
1512,0,0.0024230954545951242
1513,0,0.13314894077704145
1514,1,0.5804687869113535
1515,1,0.9406959882190116
1516,0,0.005598568681040139
1517,0,0.03350244345004492
1518,1,0.369499691591408
1519,0,0.01116919448329268
1520,0,0.5747767502734428
1521,0,0.0337384244486721
1522,1,0.06253739962270517
1523,0,0.004166388005656318
1524,0,0.31934906414452374
1525,1,0.3868569281561475
1526,0,0.015431567858786053
1527,0,0.013955018720201159
1528,0,0.01592583225445792
1529,0,0.0036005727842575636
1530,0,0.0029453636639806082
1531,1,0.788864826738563
1532,1,0.914840458350008
1533,0,0.008724972915724268
1534,1,0.897221960345774
1535,0,0.02473054611432561
1536,0,0.06016326436130389
1537,1,0.9478641041102179
1538,0,0.23270939350025807
1539,1,0.8692694630114272
1540,1,0.5864003265964923
1541,1,0.944929246079558
1542,1,0.8444368081912988
1543,0,0.031081918548500925
1544,0,0.7448575235384697
1545,0,0.031280390387569745
1546,0,0.06365392116598534
1547,0,0.8723919426487686
1548,0,0.062249923936135314
1549,1,0.7628725727220338
1550,0,0.02246004281680698
1551,0,0.017679975268743854
1552,0,0.016977910118165022
1553,1,0.575285298978889
1554,0,0.08660120730719376
1555,0,0.013836707981616096
1556,0,0.019871866845410976
1557,0,0.12315795491670611
1558,1,0.8799483064595425
1559,0,0.033121282753830895
1560,1,0.8184804901381643
1561,1,0.9445784764155407
1562,0,0.056167589082758346
1563,0,0.7443098472244744
1564,0,0.006051055686665613
1565,0,0.20247664180442138
1566,1,0.7319753397607346
1567,0,0.0013609384991122523
1568,0,0.019808421524985503
1569,0,0.0038160058076332935
1570,0,0.2033345735094275
1571,1,0.9449318246837967
1572,1,0.6641986278917175
1573,0,0.3360316955747768
1574,0,0.1355214664923667
1575,0,0.01678546844532907
1576,0,0.09159128720214883
1577,0,0.11840731433243276
1578,0,0.006748044384366859
1579,0,0.1065724623651607
1580,0,0.013413250178378723
1581,1,0.8614541238742968
1582,0,0.026232424813879485
1583,1,0.7081060641254796
1584,1,0.7506614258266864
1585,1,0.8010145910782511
1586,0,0.0427345452095349
1587,1,0.8508415432068692
1588,0,0.002556663349197278
1589,0,0.03680834041120393
1590,0,0.062009944845231244
1591,0,0.7054108414595519
1592,1,0.7227483094110745
1593,1,0.8209305307229404
1594,0,0.36112765178725775
1595,1,0.8701984040708651
1596,1,0.9845053694740302
1597,1,0.9295740272288829
1598,0,0.20830174285818792
1599,0,0.005021161431382469
1600,0,0.17063564061506276
1601,1,0.9310413523878192
1602,0,0.0014427026112805923
1603,0,0.08728404393883629
1604,1,0.9010694981790991
1605,1,0.9221246926484598
1606,0,0.14997010522665535
1607,0,0.27210358637109816
1608,0,0.07198851642916806
1609,0,0.0864696979874724
1610,0,0.8580255556005958
1611,0,0.3491931559172268
1612,1,0.4042247444351427
1613,1,0.8780308747038059
1614,0,0.09805451852336296
1615,0,0.016206099286440092
1616,1,0.9328596939052562
1617,0,0.06491764981537627
1618,0,0.002129220734118319
1619,1,0.10371259190634957
1620,0,0.013295250463332438
1621,0,0.8841032126204229
1622,0,0.004176718896554421
1623,0,0.0030378841326283274
1624,0,0.013378079942972462
1625,0,0.002620454014829186
1626,1,0.9159974319986091
1627,1,0.49392978960411377
1628,0,0.16888508094392363
1629,0,0.0013384337001585104
1630,1,0.9373403389781366
1631,0,0.041289999741700924
1632,1,0.7514554984537952
1633,0,0.005215190032128374
1634,1,0.07275318955781533
1635,1,0.13632038953341039
1636,1,0.902492472525964
1637,0,0.0013959652685545166
1638,0,0.006235776126200166
1639,0,0.0039607192385447895
1640,1,0.9521567421214443
1641,1,0.6699751175249793
1642,0,0.05432054756215132
1643,0,0.006805761930089209
1644,1,0.8603008471675916
1645,1,0.9495120086164892
1646,1,0.7456935337398334
1647,0,0.04154039752041921
1648,0,0.039019984433992946
1649,1,0.9235671828570571
1650,0,0.010408215131155408
1651,1,0.8216317199130105
1652,0,0.7395911991106425
1653,0,0.010668820171524172
1654,0,0.0035302544372996757
1655,0,0.00463626382759306
1656,0,0.8101804856719174
1657,1,0.5816858792513193
1658,0,0.8571201821723673
1659,0,0.01695968290304206
1660,1,0.7594331184886571
1661,0,0.8537163379322892
1662,0,0.005214211780244701
1663,0,0.007889179648546407
1664,1,0.9466430978588463
1665,0,0.050750761900322724
1666,0,0.6693706077507029
1667,0,0.004552277861265125
1668,1,0.7857291708472796
1669,1,0.9562977665273342
1670,0,0.6691626441088997
1671,0,0.0021357910918556942
1672,1,0.3674416301970558
1673,0,0.4641372717596377
1674,0,0.1410700684459061
1675,0,0.35630361149763623
1676,0,0.007022338018379611
1677,0,0.021857770846635788
1678,0,0.006881605226945795
1679,0,0.07573543059616542
1680,0,0.9253316936728938
1681,1,0.7183044740631087
1682,1,0.9022551290718066
1683,0,0.1318121808599884
1684,1,0.8425677718347515
1685,0,0.03200672239889649
1686,1,0.8203622021085729
1687,1,0.1251404687331939
1688,0,0.008047586563869587
1689,1,0.8471578658142429
1690,0,0.044982643849546616
1691,0,0.0023527515073503884
1692,1,0.8825326681270451
1693,0,0.7755145192985968
1694,0,0.010762477125723174
1695,0,0.2906025733720976
1696,0,0.8159812616950002
1697,0,0.6529325549580658
1698,0,0.10012086623979465
1699,1,0.7281077358069474
1700,1,0.5019802210265905
1701,0,0.02076267222881383
1702,0,0.16509731266826377
1703,0,0.006039357090158922
1704,0,0.025702187701128185
1705,0,0.31787129683770166
1706,1,0.13290980226041363
1707,1,0.9071776854194047
1708,1,0.8059791538596516
1709,0,0.5121774667535526
1710,0,0.0013568943201445096
1711,1,0.8523444221983225
1712,0,0.5741707010693503
1713,1,0.8505907718715856
1714,0,0.0115181940675995
1715,1,0.8081935461339513
1716,1,0.604786820713234
1717,0,0.18302399977740647
1718,1,0.9100363392161659
1719,0,0.028003902809832667
1720,1,0.9226660484653479
1721,0,0.010349389973324344
1722,1,0.40450636500074466
1723,0,0.20249600349852118
1724,0,0.02705701314306927
1725,0,0.0035954575016651064
1726,1,0.9698128306303023
1727,1,0.8835973118112321
1728,1,0.8899600035778585
1729,0,0.1052075112169563
1730,1,0.6145666657667822
1731,0,0.1646323063538466
1732,0,0.0024007246038118242
1733,1,0.8304939993402078
1734,1,0.07067464813250098
1735,0,0.30742527440964834
1736,1,0.9649078362863686
1737,0,0.046283816692984155
1738,0,0.18352877471846132
1739,1,0.8604348725930346
1740,0,0.0241074020953577
1741,0,0.22285370780064934
1742,0,0.749920974478607
1743,0,0.03593769383433816
1744,1,0.1409532478028922
1745,1,0.8060962110436501
1746,1,0.8242194236524555
1747,0,0.0041093668746530945
1748,0,0.22531342105452973
1749,1,0.9364072620149368
1750,1,0.936874974293787
1751,0,0.4028437750413811
1752,0,0.01659716956686096
1753,1,0.687818704198349
1754,1,0.9495327809736296
1755,0,0.0048908930127139075
1756,0,0.21321673457254686
1757,1,0.6023810604199221
1758,0,0.16195288238710098
1759,1,0.8178558096524736
1760,0,0.0028843764554061027
1761,0,0.0048277868714685125
1762,0,0.12113610830674226
1763,0,0.01835507721123329
1764,1,0.83119607700827
1765,0,0.008494292105266572
1766,1,0.8318728443087056
1767,0,0.07948295475941468
1768,0,0.006365877056049194
1769,0,0.5221993151081079
1770,1,0.9010038489451815
1771,0,0.41589213592431623
1772,0,0.13280209872013887
1773,0,0.8929815205827236
1774,1,0.6995866364466128
1775,0,0.15264074983827136
1776,1,0.6389567164719122
1777,0,0.01148795785666205
1778,1,0.7862840945166123
1779,1,0.7915264997202978
1780,1,0.6273650495435192
1781,0,0.01325948021810957
1782,1,0.46365057635900064
1783,0,0.7758245126748996
1784,0,0.009612927226668249
1785,0,0.6122622738174283
1786,0,0.6485636320829136
1787,0,0.011238619805725509
1788,0,0.010302436355202935
1789,1,0.9596469765671793
1790,0,0.041401087569809036
1791,0,0.13661753537889287
1792,0,0.00706161005056306
1793,0,0.003858138918553932
1794,1,0.7050170974555464
1795,0,0.06473496245809841
1796,0,0.10196432469394563
1797,1,0.569801287572283
1798,1,0.832507475605782
1799,0,0.6338315396892529
1800,0,0.0031029431721418975
1801,0,0.016720144726447603
1802,1,0.9370330318113895
1803,0,0.028227196955942432
1804,0,0.1911659189214156
1805,0,0.07605746859779096
1806,0,0.08860309676139927
1807,0,0.015140945587855528
1808,0,0.43567069645659656
1809,1,0.906858326704371
1810,0,0.01223225206352328
1811,0,0.047925151886241635
1812,1,0.1184965081961208
1813,1,0.9477177054707631
1814,0,0.13188860631866048
1815,0,0.31876919674853965
1816,1,0.9213803012409261
1817,0,0.018344038585652877
1818,1,0.050026512279290725
1819,0,0.7336518230798335
1820,0,0.656810125427771
1821,0,0.033461550992574855
1822,0,0.8127984048683284
1823,0,0.6323528671864664
1824,0,0.6791126642745681
1825,0,0.015492652136597802
1826,0,0.40285775126981616
1827,0,0.1286571609465998
1828,1,0.8899728675189275
1829,0,0.208781229051762
1830,0,0.008272542985477045
1831,0,0.024257105334967693
1832,1,0.7576846132533986
1833,0,0.0009662541728832093
1834,0,0.08193712701012446
1835,0,0.18575859108128204
1836,0,0.0038410150772535175
1837,0,0.09569897905778059
1838,1,0.9201266377209387
1839,0,0.002531040683158455
1840,0,0.018041423399010076
1841,0,0.0028938103982236577
1842,0,0.3094863215671023
1843,1,0.1462969855662022
1844,0,0.004307625377040423
1845,0,0.09693107645409857
1846,0,0.3329954896552733
1847,1,0.6987932556684928
1848,0,0.2666713059229514
1849,1,0.912821248196692
1850,1,0.9544937732885994
1851,0,0.09235985791726774
1852,1,0.2670524904610433
1853,0,0.08682088091103456
1854,1,0.8441560858104074
1855,0,0.14099650133881547
1856,1,0.011461555381721361
1857,0,0.037703251738515194
1858,0,0.042103125001043504
1859,0,0.08271241558138971
1860,1,0.8855504003442258
1861,0,0.001389769077425014
1862,0,0.15341336481134318
1863,1,0.8113067428406946
1864,0,0.037159051801229456
1865,0,0.14053667231972697
1866,0,0.2526132410938759
1867,0,0.14636791720238976
1868,0,0.6586900763051345
1869,1,0.2242634975021373
1870,1,0.7128930123580852
1871,0,0.47046179999590687
1872,0,0.005560081888493294
1873,1,0.9299885262779625
1874,0,0.005104089127651952
1875,1,0.8688521909922111
1876,0,0.017450939293873497
1877,0,0.005159179409528708
1878,1,0.9167789678390593
1879,0,0.06479423836160617
1880,0,0.6535469362061045
1881,0,0.003510439252874885
1882,1,0.8580196261749276
1883,0,0.13383449013051904
1884,0,0.7397687595604455
1885,0,0.11459953503737554
1886,0,0.6373257417616103
1887,0,0.0632906857491412
1888,0,0.48580640693481925
1889,0,0.001945936227501323
1890,0,0.6166678843967723
1891,1,0.6485151874330815
1892,1,0.3253637738820157
1893,0,0.012856031144121743
1894,1,0.9088349427210827
1895,0,0.002897701141685086
1896,0,0.02853202620387381
1897,1,0.87748463347379
1898,0,0.039869115098714505
1899,1,0.8349808057883455
1900,0,0.0613616010942556
1901,1,0.7529467161378196
1902,0,0.00688769535466828
1903,0,0.006260077454511381
1904,0,0.0820827961924177
1905,1,0.9111894141529575
1906,1,0.9459098303944045
1907,1,0.7468937500356098
1908,0,0.8145580549205811
1909,1,0.17396443194515082
1910,1,0.8298379131872697
1911,0,0.8602899810934694
1912,1,0.9749460563890835
1913,1,0.9400115359335366
1914,0,0.3805006810594635
1915,0,0.0015793079649476368
1916,0,0.01822562788035023
1917,1,0.5674171600597621
1918,0,0.05558943785911767
1919,0,0.04034292604020338
1920,0,0.064688656713622
1921,0,0.02441250907017152
1922,1,0.8950692274137733
1923,1,0.11990410432256311
1924,1,0.15570252665755566
1925,0,0.2430328499741216
1926,1,0.8852239800735497
1927,0,0.04983803482465975
1928,1,0.9412458276258104
1929,0,0.0012900711937635766
1930,0,0.28353955090230715
1931,0,0.014688016447732183
1932,1,0.6844788195743126
1933,0,0.036583286145778715
1934,0,0.08240895206101981
1935,0,0.06307418799965292
1936,1,0.874553403367347
1937,1,0.9157399260858563
1938,0,0.40697031441670173
1939,0,0.36891516657652146
1940,0,0.05578129106948451
1941,0,0.24295850131721786
1942,0,0.010061483622385665
1943,0,0.024081222443635475
1944,0,0.3614275509852617
1945,0,0.03840971946337162
1946,1,0.9166249861328539
1947,0,0.02371594926258145
1948,1,0.8291490123837664
1949,0,0.7921882544627823
1950,0,0.010776229778439169
1951,0,0.035290029559096645
1952,1,0.8953779125966865
1953,0,0.4703687801885427
1954,0,0.004016927393481707
1955,1,0.7951423806656217
1956,0,0.010365213561530973
1957,0,0.35113239193545415
1958,0,0.0031673288463196832
1959,0,0.06666209447174595
1960,1,0.7980718082959626
1961,0,0.0010715760950150257
1962,0,0.016338028197670013
1963,0,0.02106906211358674
1964,0,0.023385038582547805
1965,0,0.006558798564617561
1966,0,0.016234680682061603
1967,1,0.34190751653593676
1968,1,0.49740575542721255
1969,0,0.8777235592173616
1970,0,0.06865123488470809
1971,0,0.6049536002420239
1972,1,0.9575903386689244
1973,1,0.9506393429225134
1974,1,0.48865768454833
1975,1,0.7836776670584298
1976,0,0.7572474266000947
1977,1,0.9113084344172795
1978,0,0.029048400576949625
1979,0,0.04879977172648649
1980,1,0.18226241000853263
1981,1,0.9524177771118372
1982,1,0.8739747534744305
1983,1,0.7813018119617615
1984,1,0.4740083220439065
1985,1,0.33234486268472263
1986,0,0.027505420962348082
1987,0,0.004295390489975087
1988,0,0.8288620536520478
1989,0,0.07091590287201074
1990,1,0.761857496098156
1991,1,0.8018325034362486
1992,0,0.9143047249905751
1993,0,0.015810777420655293
1994,1,0.9078573901328861
1995,0,0.0014437908891361934
1996,0,0.17503092215488145
1997,0,0.031745416986324854
1998,0,0.028151839544442815
1999,1,0.8622220975656835
2000,0,0.1549110523023023
2001,0,0.009787412350923145
2002,1,0.7401452333382419
2003,1,0.722692322483381
2004,0,0.29900411641619107
2005,0,0.21400087546307855
2006,0,0.0043464931792446745
2007,0,0.016491650693615918
2008,0,0.16554899993128924
2009,0,0.9491609535871591
2010,1,0.83177499032676
2011,0,0.003635102262910206
2012,1,0.8824203341682484
2013,1,0.18355697561934164
2014,0,0.5703223696926144
2015,0,0.004440275522723089
2016,0,0.030711531222534498
2017,0,0.035140993907077075
2018,0,0.5525401456655994
2019,0,0.021081333720460532
2020,0,0.005089539173615833
2021,0,0.09321250400362602
2022,0,0.0010886350918807635
2023,0,0.008279902824540592
2024,0,0.8274578511301818
2025,0,0.34435637907044536
2026,0,0.46786473208584406
2027,1,0.9675470024729942
2028,0,0.048274845793223935
2029,1,0.8312633573273993
2030,1,0.9651648830451574
2031,0,0.0026603429769230507
2032,0,0.1580986763610682
2033,1,0.8271018302719537
2034,0,0.0159195914124519
2035,0,0.24624751442866158
2036,1,0.44520763945082786
2037,0,0.629388946131158
2038,0,0.001217232038827989
2039,0,0.016289607878488092
2040,0,0.78703419274225
2041,0,0.027036532328676356
2042,1,0.8832089785081172
2043,0,0.01024290044961015
2044,0,0.4468313702248019
2045,0,0.05197851030691343
2046,0,0.04849149737205258
2047,0,0.08105280233124396
2048,1,0.922993716553129
2049,1,0.5977375314562174
2050,0,0.06975392547035436
2051,0,0.00962199117705817
2052,0,0.07918060642829206
2053,0,0.007446478929811519
2054,0,0.2535006165481003
2055,0,0.013121876270065147
2056,0,0.055913982118524774
2057,0,0.11087998325046884
2058,1,0.8405731159865407
2059,1,0.9360821231499799
2060,0,0.16005543729342003
2061,1,0.8883518227675358
2062,0,0.8855491979096368
2063,0,0.01950358378182434
2064,0,0.016508351233267573
2065,0,0.12065372167522305
2066,0,0.0022573076555829456
2067,0,0.027518397849794853
2068,1,0.589854543299684
2069,1,0.848683651837236
2070,1,0.9563492898139999
2071,1,0.8681978960818314
2072,1,0.6247477675944878
2073,0,0.6992784384355313
2074,0,0.010036339954916344
2075,0,0.7666830298853471
2076,0,0.07744350291002537
2077,0,0.07537229928469835
2078,0,0.03217128759810991
2079,0,0.29928978305951826
2080,1,0.91868334734806
2081,1,0.5049027766370598
2082,0,0.02222827579603926
2083,0,0.06830948106199214
2084,1,0.7517084086363905
2085,1,0.5127057168722721
2086,1,0.7540579097641061
2087,0,0.8646651032705903
2088,0,0.09869580201167817
2089,1,0.46485347505787916
2090,0,0.20475671231768625
2091,0,0.019411786991729477
2092,1,0.8941878029367532
2093,0,0.12651903128413708
2094,1,0.9173201335228236
2095,1,0.9218517424588036
2096,1,0.6385607154667221
2097,0,0.15320342781896523
2098,1,0.8311547367342453
2099,1,0.7410950775169103
2100,0,0.02975924216748787
2101,0,0.533929596774684
2102,1,0.660976763316091
2103,1,0.8592338100253957
2104,0,0.081486355281456
2105,0,0.007695304337928771
2106,0,0.02822133867712104
2107,1,0.9636409836708908
2108,0,0.4093318446401334
2109,0,0.006194105438447193
2110,1,0.9063335187834454
2111,0,0.0474559792508743
2112,0,0.25606705556029385
2113,1,0.9295597317961541
2114,0,0.7079397310555564
2115,1,0.9548375319921485
2116,0,0.31443287671986786
2117,1,0.7024490665179304
2118,1,0.9029157803648551
2119,0,0.00459406095449349
2120,1,0.29325399913800676
2121,1,0.9847642045143843
2122,0,0.7896586230767316
2123,0,0.06638452402034206
2124,0,0.30476449354907464
2125,0,0.34138626544587647
2126,0,0.004931457672428594
2127,0,0.7539852858481132
2128,0,0.0088575821734574
2129,0,0.11368199649524117
2130,1,0.8770417363190496
2131,0,0.07948193240730415
2132,0,0.026800244648021262
2133,1,0.06739205105357031
2134,0,0.34160046749274314
2135,1,0.3108394327833221
2136,0,0.6539579325725344
2137,0,0.037980471014683784
2138,0,0.0587493773987312
2139,0,0.11062980479422035
2140,1,0.9148345766937852
2141,0,0.012667199637424492
2142,0,0.3555272841871618
2143,0,0.15902822953663548
2144,0,0.04632096560093435
2145,0,0.06558804446606832
2146,1,0.5764221101393451
2147,1,0.5582874965304848
2148,0,0.033945453695285496
2149,0,0.36184982117208253
2150,0,0.12356293858002453
2151,1,0.9690654788955902
2152,0,0.005741975554299382
2153,1,0.8919617092867619
2154,0,0.09609264222288266
2155,0,0.279557043096301
2156,1,0.8996009772860947
2157,0,0.007809717081542463
2158,0,0.1527944034885975
2159,0,0.8022320557006596
2160,0,0.0014034281105644883
2161,0,0.025981402954179573
2162,0,0.0017169148785588283
2163,0,0.1157213135845223
2164,0,0.005062151077682667
2165,0,0.18861315056601224
2166,0,0.0045693806523895075
2167,1,0.820322638058843
2168,0,0.10179875408284317
2169,0,0.00992845169757079
2170,0,0.5551405421546931
2171,0,0.004113457035210783
2172,0,0.6466326151014594
2173,0,0.0025707847543172298
2174,1,0.9417944172380575
2175,0,0.023664763999553216
2176,1,0.6482080369813925
2177,0,0.4504359758608917
2178,0,0.02255272338748349
2179,1,0.46197076255857705
2180,1,0.6436544884225155
2181,1,0.861489145178994
2182,1,0.6733133541220641
2183,0,0.046982842812137715
2184,0,0.02169468034052152
2185,1,0.5829536613189823
2186,1,0.0666791551610479
2187,0,0.3434189973760303
2188,1,0.8174607302565805
2189,0,0.5959127729918546
2190,1,0.7586378738485698
2191,0,0.06634938337723977
2192,0,0.9347016171840369
2193,0,0.002870220018457931
2194,1,0.8633983672162818
2195,0,0.6681688771552045
2196,0,0.5744972071846921
2197,0,0.8520599978748341
2198,0,0.01289827088768498
2199,0,0.05330629905457655
2200,0,0.10457844345960086
2201,0,0.09322683243285876
2202,0,0.3064325192470235
2203,0,0.02026339294181509
2204,1,0.4901455976746309
2205,0,0.2173661602688121
2206,0,0.15791840437539487
2207,0,0.08593217093585002
2208,0,0.6523423361121575
2209,1,0.3002399171566612
2210,0,0.0062483611486441985
2211,0,0.07978562376602225
2212,0,0.9139247222557928
2213,1,0.16445486384697805
2214,1,0.8517187130759131
2215,0,0.2670537786082374
2216,0,0.09649140063562406
2217,1,0.6647534011669515
2218,1,0.9113669466901859
2219,1,0.8755696680653599
2220,0,0.014975695369691976
2221,0,0.8016900903021226
2222,0,0.008252637349479437
2223,0,0.014278830171087315
2224,0,0.09032336281001305
2225,0,0.08452858109803346
2226,0,0.0019821600090568292
2227,0,0.5286748133580081
2228,0,0.022872124057049872
2229,1,0.34310830093250333
2230,0,0.20695041083940113
2231,0,0.0005906546701322728
2232,0,0.0009417233653554563
2233,0,0.006253243419196526
2234,1,0.9268198220396319
2235,0,0.02173773742214963
2236,1,0.7011101416767014
2237,1,0.9110536098400224
2238,0,0.0012324894086057916
2239,1,0.5024140047859204
2240,0,0.42683346830619284
2241,0,0.04774168663115476
2242,0,0.011916245764283382
2243,0,0.0020998756142964784
2244,0,0.6161727933896645
2245,1,0.9744760166686899
2246,0,0.002642668887394437
2247,0,0.07085623411708747
2248,0,0.002461844655419959
2249,0,0.002856372609605083
2250,0,0.021658669400271464
2251,0,0.8085739757863174
2252,0,0.07535207284581137
2253,0,0.18386925865626225
2254,0,0.019371493109642427
2255,0,0.031232012985432857
2256,0,0.3133496076152808
2257,0,0.8927150213809918
2258,0,0.007477411834594014
2259,1,0.7857909291430925
2260,1,0.9194827869862037
2261,0,0.014351551080061527
2262,0,0.3857590345836931
2263,0,0.2252062544442294
2264,1,0.6927085259282756
2265,1,0.6796582928597279
2266,0,0.053087886898959366
2267,0,0.7706943183997172
2268,0,0.6478827663818882
2269,1,0.719763732084463
2270,1,0.8359208447575369
2271,0,0.09307236758977969
2272,0,0.006026117840867856
2273,0,0.01757002893068764
2274,0,0.26992282848781174
2275,0,0.0013944035090402132
2276,0,0.08311491820777209
2277,0,0.04752711515663208
2278,0,0.0059289979150438385
2279,0,0.22919127636511188
2280,0,0.5906770638405698
2281,1,0.9335027285967439
2282,1,0.4484143761412637
2283,0,0.8233164669917066
2284,0,0.10281153370883472
2285,1,0.521811486269237
2286,1,0.8209520179358607
2287,0,0.006328302219267499
2288,0,0.21303666909147093
2289,0,0.038439062338121964
2290,0,0.02088123224960376
2291,1,0.9264648053776312
2292,0,0.9282812156418875
2293,1,0.8718954496103024
2294,1,0.6258445565192259
2295,0,0.012571227151097234
2296,0,0.04185526653570255
2297,0,0.01726209415460262
2298,1,0.8620111617735136
2299,0,0.028756737284948382
2300,1,0.9161049000300562
2301,1,0.7918253491331906
2302,0,0.4829386400949136
2303,1,0.849329242025233
2304,1,0.08641239169605748
2305,0,0.1077774066464603
2306,0,0.502087002086658
2307,1,0.9539276771143148
2308,0,0.02454451855671785
2309,0,0.028978514542867886
2310,0,0.028479421302908047
2311,1,0.9222095104918301
2312,0,0.002770222638966837
2313,0,0.3174965792059492
2314,0,0.01311754976338881
2315,0,0.04440078899591399
2316,0,0.005282439080886606
2317,0,0.6681880509270823
2318,1,0.48437992910983263
2319,1,0.4558236227588631
2320,1,0.745610856342767
2321,0,0.2753169237170152
2322,1,0.9777841494173016
2323,1,0.7352916720768399
2324,1,0.9298360512933159
2325,0,0.20451190559729443
2326,0,0.026062445926926664
2327,0,0.018730625389428206
2328,1,0.9223644406099604
2329,1,0.9079277717426294
2330,1,0.9223722036493356
2331,0,0.06787314697108171
2332,0,0.878300161157513
2333,1,0.920113213830009
2334,0,0.0036349697059479638
2335,0,0.8119715563080299
2336,0,0.00832902450385469
2337,0,0.0064774849518232595
2338,1,0.9068483125134028
2339,0,0.6199418424123995
2340,1,0.7374366429437131
2341,0,0.11984226062572009
2342,1,0.8996145502078239
2343,1,0.6320267958643508
2344,0,0.13273177675989503
2345,0,0.17933199201350855
2346,0,0.826605266104183
2347,0,0.011222501495734262
2348,0,0.9041158329717662
2349,1,0.7863635396943363
2350,1,0.7066807712312336
2351,0,0.04828791393988946
2352,1,0.8916461642840271
2353,0,0.006519219806806356
2354,0,0.02258628904306684
2355,1,0.8884772403111897
2356,0,0.002138451182210604
2357,1,0.9658977313104785
2358,0,0.04130918122079555
2359,0,0.29663768119591777
2360,0,0.08004074973647092
2361,0,0.4739438196583741
2362,1,0.9203308930681084
2363,0,0.041288081165725826
2364,0,0.0039720919110661996
2365,0,0.030056845419305978
2366,0,0.30481161640109544
2367,1,0.8125796069603707
2368,1,0.895015139113703
2369,0,0.9177856574524077
2370,0,0.7966027326832987
2371,1,0.5081217697411886
2372,0,0.5137829469448186
2373,1,0.6973324761136768
2374,0,0.06052219227262561
2375,1,0.8637410375263175
2376,1,0.9657553895098215
2377,0,0.15891468890369295
2378,0,0.12965140308193213
2379,1,0.9317881500957375
2380,0,0.061723935838200905
2381,0,0.040775083665485504
2382,1,0.4004956798758585
2383,1,0.9372416035101092
2384,0,0.3891127216530896
2385,1,0.9270747650388305
2386,0,0.020754604917755395
2387,0,0.7268678756445408
2388,1,0.9373797263620087
2389,1,0.9080610337088408
2390,1,0.6798923168677354
2391,0,0.20871384072717802
2392,0,0.10966527593503424
2393,0,0.023797585056771067
2394,1,0.7770159447033728
2395,0,0.07887392424558647
2396,1,0.33557475200164283
2397,0,0.05427979819313063
2398,1,0.8308585234105679
2399,1,0.9447833501324964
2400,0,0.001152805710076387
2401,1,0.6993407245603237
2402,1,0.5090501408246574
2403,0,0.004180497235634157
2404,0,0.01130376635777877
2405,0,0.8562046857398102
2406,0,0.011880861831404875
2407,0,0.0281597411719743
2408,1,0.7849475792420824
2409,0,0.09377828621817272
2410,0,0.3797568695524467
2411,1,0.9305249965770515
2412,1,0.806048001171743
2413,0,0.08861656987368942
2414,0,0.17650507240913477
2415,0,0.006385928436246838
2416,0,0.2373920341511994
2417,1,0.9147366892651281
2418,1,0.7353819165610415
2419,0,0.0025335928913529293
2420,1,0.9600886412801221
2421,0,0.3158582582539625
2422,0,0.23220374806788416
2423,0,0.013064818185592329
2424,0,0.010228368079314713
2425,0,0.8263378601353817
2426,0,0.003442683816359136
2427,0,0.7154692909171554
2428,1,0.046277573409803235
2429,0,0.04732385535194299
2430,1,0.5550178006820388
2431,1,0.9295745568229536
2432,0,0.018279262514116223
2433,0,0.026929873018510526
2434,0,0.00936691942063521
2435,0,0.0028487973521069783
2436,1,0.9373786131303657
2437,1,0.9024500251813674
2438,0,0.0035027140209160377
2439,1,0.833096036511179
2440,0,0.041432009975749404
2441,0,0.004503486986876625
2442,0,0.09959994577722966
2443,0,0.013346258055850897
2444,0,0.4332549660814124
2445,1,0.9476957115366409
2446,1,0.923584400455382
2447,0,0.49610501129446005
2448,0,0.07715717623458351
2449,0,0.013080395699019698
2450,0,0.01817663888877724
2451,0,0.005543823607428142
2452,0,0.015815806118698806
2453,0,0.06496097427454078
2454,1,0.9014981569244602
2455,0,0.007555351240572132
2456,0,0.08288199971092443
2457,0,0.003929087338602578
2458,0,0.019177934777581805
2459,1,0.7675563265818863
2460,1,0.9457840086299096
2461,1,0.8396629616460194
2462,0,0.0019994980909552647
2463,0,0.48604188257769604
2464,1,0.7388274460494778
2465,0,0.8392837618996156
2466,0,0.5026465751107655
2467,0,0.03307066715172651
2468,0,0.005184940489223023
2469,0,0.017263864861283385
2470,1,0.6337283660874734
2471,0,0.001651554678567849
2472,0,0.5903667893689019
2473,0,0.9140252175876245
2474,1,0.91157183849238
2475,0,0.640893659724883
2476,0,0.5280232809248682
2477,0,0.009437465205309054
2478,1,0.943794195791808
2479,1,0.7658699082849223
2480,0,0.08835399455863409
2481,0,0.05898492956255365
2482,0,0.18458596451819625
2483,0,0.007748487487830361
2484,1,0.8356729355724539
2485,0,0.02224375105519321
2486,0,0.0043092129601436996
2487,0,0.012942475358463115
2488,0,0.06166863720359271
2489,0,0.9085168945085489
2490,1,0.941666295878263
2491,1,0.4379570523886502
2492,0,0.0023191345079812496
2493,0,0.8199540599931865
2494,0,0.033999569896728817
2495,0,0.017158462656149828
2496,0,0.463194785884151
2497,0,0.021191350110383252
2498,0,0.5276324104093473
2499,0,0.8400608971626267
2500,1,0.8575290792433174
2501,0,0.03925128472646911
2502,0,0.7267630549614797
2503,0,0.0049705104048123625
2504,0,0.7324401604817413
2505,1,0.9375344754623894
2506,0,0.12577261526206412
2507,0,0.2255458273528118
2508,0,0.13614594016739204
2509,0,0.8523430926068305
2510,1,0.8804233732083417
2511,1,0.8854187414068365
2512,0,0.012362752313959377
2513,1,0.6477835985759235
2514,1,0.9358760893293777
2515,1,0.8938402075371445
2516,0,0.0021980727789950943
2517,0,0.0020884632992593296
2518,1,0.47282555856181563
2519,0,0.08265414230177198
2520,0,0.7726946492736835
2521,1,0.9374612407030322
2522,1,0.8368559225468062
2523,1,0.8597509501674335
2524,0,0.014511146422836813
2525,1,0.7713310280586847
2526,0,0.005465433657966343
2527,1,0.9858210415721231
2528,0,0.0732945498179718
2529,1,0.7403566135392821
2530,1,0.9439788661870225
2531,0,0.03743444785826777
2532,0,0.013517984875203688
2533,1,0.8627188230135555
2534,1,0.8863754567741103
2535,0,0.0017148779306670734
2536,0,0.37143972046024565
2537,1,0.7173754164723462
2538,1,0.9370963553845275
2539,1,0.9308918806872962
2540,0,0.013688703404631877
2541,1,0.8421794501476985
2542,0,0.028492018178373237
2543,0,0.9100650639855778
2544,0,0.04380070746144446
2545,0,0.06434900906772956
2546,1,0.558695298440153
2547,1,0.22004793928909472
2548,1,0.8064640635479075
2549,1,0.4043951460241507
2550,0,0.014394915495707362
2551,1,0.742926483982797
2552,1,0.7125098501398734
2553,0,0.0034338230749899855
2554,0,0.05876206374165558
2555,1,0.854980642407441
2556,0,0.004469785529045598
2557,0,0.13572686424869745
2558,0,0.02268134002064057
2559,1,0.9040461164315883
2560,1,0.8671075370292147
2561,0,0.061783919627129535
2562,0,0.7544019181171183
2563,0,0.3253232292915499
2564,0,0.8939489817405529
2565,1,0.6696227060723131
2566,0,0.8984891764508693
2567,0,0.060746958273133776
2568,0,0.4488381250526391
2569,0,0.11870446883873523
2570,0,0.07421179441863802
2571,1,0.7429914468935537
2572,0,0.6768197875429602
2573,0,0.4214947562401279
2574,0,0.010518139920626272
2575,1,0.7663223043008636
2576,1,0.6880846732684094
2577,0,0.013619428719005388
2578,0,0.007864368072839635
2579,0,0.004431384794784837
2580,0,0.021068258140893973
2581,0,0.02048191384334925
2582,1,0.8582459760085726
2583,0,0.005019293548021556
2584,0,0.09974339713958345
2585,1,0.8320106331821981
2586,0,0.0027817798777145975
2587,0,0.21437680379898238
2588,0,0.23333011388562466
2589,0,0.0021447575148358343
2590,0,0.06605545569511921
2591,1,0.49957783897124
2592,0,0.02087890255176466
2593,1,0.7611446673326536
2594,0,0.009628159895191023
2595,0,0.019590105225839163
2596,0,0.024877433392812617
2597,0,0.0011860813630733468
2598,0,0.006235353869262907
2599,0,0.004447736865188645
2600,1,0.8148748910452239
2601,1,0.48244548368297185
2602,1,0.6431617988909332
2603,0,0.1452249272661667
2604,1,0.46812310667282275
2605,0,0.2990038328051188
2606,1,0.8736435483789635
2607,0,0.00410879411928677
2608,0,0.03395195672564027
2609,0,0.310762013365202
2610,0,0.00739576001124482
2611,1,0.7452880386053174
2612,0,0.8733843828505228
2613,0,0.001383623451324339
2614,0,0.00249928573231338
2615,0,0.24608852552318294
2616,0,0.28288621919945156
2617,1,0.944721986435849
2618,0,0.0019090717086279218
2619,0,0.625673896053711
2620,0,0.5139725321381742
2621,1,0.9329784078893898
2622,0,0.00439416786156877
2623,0,0.0152126340751412
2624,1,0.8944554617338292
2625,1,0.9414798949415248
2626,1,0.8979903328891395
2627,0,0.023737472653679717
2628,1,0.9128378138348769
2629,0,0.11574967679218598
2630,0,0.012166326744699111
2631,0,0.1237025619695683
2632,0,0.038350690608387264
2633,1,0.8597377497554828
2634,0,0.011304167263975061
2635,1,0.5260897244981411
2636,0,0.021734846722924347
2637,0,0.4697547611252679
2638,1,0.8444739859452667
2639,0,0.019198863965386323
2640,0,0.008530841200331984
2641,1,0.254381412323743
2642,0,0.02329356925032241
2643,1,0.5598855365502392
2644,0,0.07918668855455797
2645,1,0.719430469763439
2646,1,0.8535658715872423
2647,0,0.5009693605789469
2648,0,0.020012047233184845
2649,0,0.1044005873733283
2650,0,0.36992190517893964
2651,0,0.007048890052982771
2652,0,0.17629379314399354
2653,1,0.7428454756177709
2654,0,0.042902177887674586
2655,1,0.8246840862552696
2656,1,0.4939430701385926
2657,1,0.8417914638844397
2658,1,0.7204014337198038
2659,0,0.6353866341050657
2660,0,0.013529552330817204
2661,1,0.7697802516687031
2662,0,0.051460347550277376
2663,1,0.7420799617841923
2664,1,0.358278451692731
2665,0,0.07598042731095775
2666,0,0.4418875926328166
2667,0,0.03644777266685878
2668,0,0.7321343228382959
2669,0,0.6322933715465341
2670,0,0.14748401705401604
2671,0,0.03288521007910264
2672,1,0.8198484976757219
2673,1,0.9326009667086652
2674,1,0.8322816876744672
2675,0,0.019749806942441467
2676,1,0.9195564747889238
2677,0,0.9193728507066908
2678,1,0.9205125906402734
2679,0,0.015913192996086324
2680,0,0.006711761018447404
2681,0,0.05372602010935529
2682,0,0.012878085980447405
2683,1,0.877319016364867
2684,0,0.5400691761426726
2685,0,0.01768011066373861
2686,0,0.004064177060943874
2687,1,0.9514729431980569
2688,0,0.016839899434304577
2689,1,0.9009251460083514
2690,1,0.8311020559075433
2691,0,0.08273575085531135
2692,0,0.027218480875640758
2693,0,0.006478441766524375
2694,0,0.012617949560540652
2695,1,0.910573412352823
2696,1,0.7091035086487483
2697,1,0.15591008175003276
2698,1,0.8575434712382736
2699,1,0.9187284281791139
2700,1,0.913646480781047
2701,1,0.7492901747130833
2702,0,0.46685210025046364
2703,1,0.5203042725068164
2704,1,0.5809562530488739
2705,0,0.04964051164212697
2706,1,0.9465477837816363
2707,0,0.014074538498625347
2708,1,0.8390204444937195
2709,0,0.9080648449256169
2710,0,0.27030461016969887
2711,1,0.7189566388944426
2712,0,0.1601627239811552
2713,1,0.16947226626884238
2714,1,0.8916994175721934
2715,1,0.885904585914856
2716,1,0.9353889749886375
2717,0,0.01252940343827787
2718,0,0.020724389040528413
2719,1,0.8212438792497829
2720,0,0.019776610199821344
2721,1,0.9383404200213246
2722,0,0.3476513124188024
2723,0,0.07606808144820007
2724,0,0.03456707778209405
2725,0,0.03846277056458563
2726,1,0.375194015554873
2727,0,0.8410105807479323
2728,0,0.016378044908046584
2729,1,0.9367138193777982
2730,0,0.07801941210848853
2731,0,0.05704369478602995
2732,0,0.06799155195788284
2733,1,0.6252700028481488
2734,1,0.812770538984448
2735,1,0.9242029426100364
2736,0,0.0029013127536072444
2737,1,0.1296143195320267
2738,0,0.5778499062089443
2739,1,0.4073184828628427
2740,0,0.0443725249487222
2741,0,0.07826458806198894
2742,0,0.015581585227307916
2743,0,0.3345482415387522
2744,1,0.9191800326521368
2745,0,0.2688880268142393
2746,1,0.9470993164433169
2747,0,0.10201386729663345
2748,1,0.7785608081198282
2749,0,0.169980668324667
2750,1,0.5172480469171687
2751,1,0.9692451221007283
2752,0,0.5179842671192886
2753,0,0.5138884797837263
2754,0,0.5634019000902407
2755,0,0.5976741802808301
2756,0,0.00608998365460427
2757,0,0.4717358649825283
2758,1,0.9159571879647023
2759,1,0.8124529433445263
2760,0,0.19591536488435102
2761,0,0.014643999955906017
2762,0,0.2553250338986519
2763,0,0.010528849122803403
2764,0,0.0053973072188388
2765,0,0.028825288243371952
2766,0,0.8265552333385646
2767,0,0.23027066522130868
2768,0,0.005925877726690031
2769,1,0.8873363726722624
2770,1,0.9810360111649179
2771,0,0.03286850726035079
2772,0,0.21718951125775898
2773,1,0.7484094414246621
2774,1,0.948117221242849
2775,0,0.0903077478670049
2776,0,0.007453936602795839
2777,0,0.09532530349516068
2778,0,0.007657172753238934
2779,1,0.7990696588991824
2780,0,0.49238146943054023
2781,0,0.2595716385601736
2782,1,0.4479181817544813
2783,1,0.9069921068598268
2784,1,0.22789150680282225
2785,1,0.5724910007308209
2786,1,0.8700848986341727
2787,1,0.6451835352150825
2788,1,0.23513319608933259
2789,0,0.02546315951489137
2790,0,0.001537084696080562
2791,1,0.9290854348948088
2792,1,0.8979924855466369
2793,1,0.9294488915189407
2794,1,0.8521759738459604
2795,0,0.08949672135543209
2796,0,0.029099817239738108
2797,0,0.36230951068258854
2798,0,0.0045889258289874505
2799,1,0.9489665542538785
2800,1,0.9541179621856684
2801,0,0.0012859891363681695
2802,0,0.10032227314856024
2803,0,0.002582473567730583
2804,0,0.835584846552643
2805,1,0.9138503744828934
2806,0,0.1157965355881433
2807,0,0.31508785725815436
2808,1,0.8667575515246352
2809,0,0.004744047024690357
2810,0,0.10826889166296812
2811,1,0.9511983672696351
2812,0,0.01695840300143643
2813,0,0.037359328390674434
2814,0,0.1715223097490521
2815,0,0.1571665004637876
2816,0,0.031910639761994875
2817,0,0.0324199767855202
2818,0,0.011476608393884235
2819,1,0.8919553750761315
2820,1,0.8918435727029932
2821,1,0.9593058074091521
2822,1,0.4195137014731568
2823,0,0.011002986860544704
2824,0,0.3349570788968525
2825,0,0.6994744502356959
2826,0,0.0496440846187019
2827,0,0.12676835129083242
2828,0,0.058731034198680754
2829,0,0.10340834281833526
2830,0,0.04369391543447651
2831,1,0.7928634362043451
2832,0,0.07100593259713253
2833,1,0.8984678967110619
2834,0,0.07593707316445462
2835,0,0.008441290958100435
2836,0,0.46404475354279007
2837,1,0.7512208291173536
2838,0,0.027075454912589125
2839,0,0.005828568987622445
2840,0,0.006405528529715402
2841,0,0.041187872412551736
2842,0,0.02908562878540547
2843,0,0.8864269840248449
2844,0,0.033808618646230415
2845,1,0.8949675492292627
2846,1,0.7513070253902004
2847,0,0.33227465846599813
2848,0,0.004024449426414498
2849,0,0.013587237946015412
2850,0,0.07075408398685754
2851,0,0.035233692130490685
2852,0,0.009028568112006419
2853,1,0.7843054819808105
2854,0,0.1408879159429425
2855,0,0.007389766998473803
2856,1,0.7530367370330175
2857,0,0.0032937783951875995
2858,1,0.3314778555460548
2859,0,0.00729586187435515
2860,0,0.006314839796181953
2861,0,0.34036379393502236
2862,1,0.7354097498656501
2863,1,0.1592173814380215
2864,1,0.6602396985042656
2865,1,0.4330033973231667
2866,0,0.10854456637339055
2867,1,0.9243631944508683
2868,0,0.01147804083222555
2869,0,0.11111041012921194
2870,1,0.4532850052131802
2871,0,0.007754880880367005
2872,1,0.8410356068482332
2873,1,0.546573661902889
2874,1,0.9520004230188206
2875,0,0.06298353367279531
2876,1,0.945176197961072
2877,1,0.8855328609057989
2878,1,0.799914799815507
2879,1,0.9616229182385843
2880,1,0.8271353513391736
2881,1,0.7027197312463211
2882,1,0.8101766179563998
2883,0,0.015531758482523472
2884,0,0.010421294913220306
2885,0,0.01034640214987382
2886,1,0.7752557781513177
2887,1,0.23669095734342713
2888,1,0.9712302211078364
2889,1,0.917481757409835
2890,0,0.31936268035905824
2891,0,0.052784761315653184
2892,0,0.20599661705100522
2893,1,0.7917400943687795
2894,0,0.12388977005858709
2895,0,0.06716281896144277
2896,0,0.018153356330596296
2897,0,0.007180444973998239
2898,0,0.021474911682482768
2899,1,0.8169708384362925
2900,1,0.6006472677481823
2901,1,0.5180468403250983
2902,1,0.7444432480882148
2903,0,0.28679967664747474
2904,0,0.03418836908232286
2905,0,0.8071658920655127
2906,0,0.5316112476743907
2907,1,0.5380098365031448
2908,0,0.6284809727109808
2909,1,0.9442869367606082
2910,0,0.0010604384499455794
2911,1,0.8041253892746
2912,1,0.8536408129760293
2913,0,0.05056365914336504
2914,1,0.5780502451859723
2915,1,0.9003762998978696
2916,0,0.07717627092914052
2917,0,0.03293162665758012
2918,0,0.12991272532012763
2919,1,0.9340343536622432
2920,0,0.1243279972338308
2921,0,0.2794634118446564
2922,0,0.21273562415947078
2923,1,0.8471787304261561
2924,1,0.25232589685278684
2925,0,0.022935083382552145
2926,0,0.03021940977027351
2927,0,0.12325039735824612
2928,0,0.03252951933337149
2929,1,0.6814938716494049
2930,0,0.009734261650119556
2931,1,0.9666736112318806
2932,1,0.1767743373590001
2933,0,0.02841954759619066
2934,0,0.04609013557179159
2935,0,0.07583156184464143
2936,0,0.784916847542761
2937,0,0.004732514313521028
2938,1,0.865710210571657
2939,1,0.8179620884829042
2940,1,0.797396300711828
2941,1,0.7142294071121899
2942,1,0.6858844122003441
2943,0,0.11800141723648537
2944,0,0.3388569254780941
2945,1,0.7702281133949115
2946,0,0.017476502921504024
2947,1,0.7519584647950015
2948,0,0.7291841272398336
2949,0,0.0012903564542049457
2950,1,0.8369925102578617
2951,0,0.009955355316258054
2952,0,0.020953013267704743
2953,0,0.023183956784128747
2954,0,0.02610675850812809
2955,1,0.49192955182884696
2956,0,0.28635049841423776
2957,0,0.017466669143632853
2958,1,0.8929415986975281
2959,0,0.006558404456111671
2960,1,0.7874734519387729
2961,0,0.008421597793531656
2962,0,0.0069650524156237
2963,0,0.009318773511799196
2964,1,0.11770676673791076
2965,0,0.030619978793284798
2966,1,0.9498642321866705
2967,1,0.8342274490434741
2968,0,0.016690346182349925
2969,0,0.06061310313641367
2970,0,0.002773433337148431
2971,0,0.23638853724068112
2972,0,0.0765282615498892
2973,0,0.9414445214212205
2974,0,0.030249614751133407
2975,0,0.05956734294187206
2976,0,0.003697871311999424
2977,0,0.8934992787918058
2978,1,0.8506796245828823
2979,1,0.7989791348756624
2980,1,0.6044500154840147
2981,0,0.007449314350233402
2982,0,0.53100522993667
2983,0,0.030677472127651862
2984,0,0.032656403244091345
2985,1,0.1011232233704143
2986,0,0.5937999158066066
2987,0,0.14994736894612834
2988,1,0.9237651732922145
2989,0,0.2476212621037996
2990,1,0.4614547141825661
2991,0,0.040756024604671884
2992,1,0.8945829343779235
2993,0,0.013315751502441405
2994,1,0.12077083875558427
2995,0,0.0025137867322320108
2996,0,0.09565420637421364
2997,1,0.9560683674066055
2998,1,0.7993725112050756
2999,0,0.5928105246393988
3000,0,0.019949727390051457
3001,0,0.027685690779391894
3002,1,0.338611740156867
3003,0,0.005982671753227654
3004,1,0.9096282748694244
3005,0,0.10999009457513052
3006,0,0.09445943498417607
3007,0,0.8655810723725686
3008,1,0.9582112340753264
3009,0,0.0533874991002418
3010,0,0.08405311469998142
3011,0,0.02204598395408274
3012,0,0.41584954053564904
3013,0,0.000920187295580853
3014,1,0.9509101148576814
3015,1,0.9731488880759736
3016,1,0.9425680407917456
3017,0,0.010242040962775895
3018,0,0.30191601723922323
3019,1,0.37504911787867234
3020,0,0.3216270414916559
3021,1,0.6589277181240127
3022,0,0.02173156057886484
3023,0,0.029278469409570865
3024,0,0.23582580877956277
3025,0,0.004475309790710085
3026,0,0.0032313167851150764
3027,0,0.2333141553151958
3028,0,0.0047965210450169335
3029,0,0.0634629061735314
3030,0,0.0850123504073043
3031,1,0.5204424012615587
3032,1,0.8871503602923967
3033,0,0.09415184362232001
3034,1,0.770374542322547
3035,0,0.0019344703197763198
3036,0,0.07072847736430674
3037,1,0.03392577311008736
3038,0,0.005751150301595389
3039,0,0.1886316432297624
3040,0,0.1994245526281364
3041,1,0.8798318109601456
3042,0,0.048891485387097464
3043,0,0.004798197608146327
3044,1,0.7969717125041805
3045,0,0.17333082027874386
3046,0,0.7098137600669471
3047,1,0.8459722973330627
3048,1,0.7950305504682027
3049,0,0.09430695116412127
3050,0,0.0905459160923173
3051,0,0.05984387359370233
3052,0,0.10138899989924555
3053,1,0.4784339918595114
3054,0,0.8931271878554067
3055,1,0.8333658022408243
3056,1,0.8893492409477598
3057,0,0.05583256268499901
3058,0,0.1613076743649143
3059,0,0.0057860897470428515
3060,0,0.09844385952059564
3061,0,0.0014025561722146294
3062,0,0.3730570918524064
3063,0,0.02471309720962385
3064,1,0.4786007493851882
3065,0,0.08777970318623377
3066,1,0.8496912244773697
3067,1,0.9150574212360556
3068,0,0.208456838621345
3069,1,0.9752831387456268
3070,0,0.290626955118015
3071,0,0.008487362535281661
3072,1,0.7655059856551265
3073,0,0.042587485174231166
3074,0,0.07018745802386205
3075,0,0.8728827771044617
3076,0,0.004268946571461887
3077,0,0.18609672883813533
3078,0,0.21490805039274752
3079,0,0.016861780764115004
3080,0,0.022673113953416382
3081,1,0.8562584307459983
3082,0,0.24820357291985096
3083,0,0.014327773085343989
3084,0,0.03377125461108321
3085,1,0.8251651961598144
3086,1,0.9613080844629991
3087,0,0.6075784269141444
3088,0,0.018093954817230893
3089,0,0.08718137861422683
3090,1,0.9542988345318848
3091,0,0.5442058906078028
3092,1,0.8374411730129337
3093,0,0.008634599338304719
3094,1,0.9504979251086982
3095,0,0.3715771107985942
3096,0,0.0159893950645223
3097,0,0.518886177924901
3098,0,0.6947991396683744
3099,0,0.005179701401840553
3100,1,0.7768041122751304
3101,1,0.8584714843028578
3102,0,0.7639023548212048
3103,0,0.013464799612066078
3104,1,0.816760602762495
3105,1,0.7721023812705199
3106,1,0.8578447454584682
3107,0,0.0856809492682698
3108,0,0.03015375919176637
3109,0,0.026739187613347412
3110,0,0.04440281773837642
3111,1,0.8816277936383989
3112,1,0.8482344270313216
3113,0,0.03151858698276517
3114,0,0.18196843235042148
3115,0,0.7596865065725763
3116,0,0.07059644131848972
3117,0,0.0020801575840733366
3118,1,0.7266330423223569
3119,0,0.014572110583102784
3120,1,0.9319083359902806
3121,0,0.21988471719093217
3122,0,0.01073322803313226
3123,0,0.7708987264377783
3124,1,0.7243946571297414
3125,0,0.19932206608323683
3126,0,0.5810134768442183
3127,1,0.5771627447084829
3128,0,0.5833000597091033
3129,0,0.7053394651273902
3130,0,0.008615246616983539
3131,1,0.9605526383286471
3132,0,0.0059772902476138935
3133,1,0.8515448302250657
3134,0,0.35145483445400616
3135,0,0.49263288286467427
3136,1,0.9260696535102831
3137,1,0.8444503713630129
3138,1,0.9232548625054313
3139,0,0.007165056900146153
3140,0,0.0865874961823138
3141,0,0.13098989635649028
3142,0,0.05198805517129461
3143,0,0.8600464823550389
3144,0,0.03425132678753154
3145,0,0.012031760011941815
3146,1,0.8881908594329405
3147,0,0.0038223189461627774
3148,0,0.19420172113169942
3149,0,0.017408547857379178
3150,1,0.9375994906854128
3151,1,0.888835714989323
3152,0,0.004173827131107096
3153,1,0.9426860235635693
3154,1,0.6254604982340094
3155,0,0.03422965768445879
3156,0,0.4150534643511781
3157,0,0.003151430313735541
3158,0,0.481334514402435
3159,0,0.662235819494363
3160,0,0.01362574618783929
3161,0,0.017767735887834788
3162,1,0.874768761818428
3163,0,0.09405102783118857
3164,1,0.8549427038940833
3165,0,0.005227331210308918
3166,0,0.12628004831123268
3167,0,0.008156846237680253
3168,0,0.5500716025020163
3169,0,0.2530813108661627
3170,1,0.8483044717702306
3171,0,0.02498532919567753
3172,1,0.8074742919570429
3173,1,0.9009912459990521
3174,0,0.07289903661802456
3175,0,0.0077155498326613725
3176,0,0.013209283470935838
3177,1,0.9356259976166587
3178,0,0.013965970477674738
3179,0,0.1344638201035091
3180,0,0.0036032704422671947
3181,0,0.09336167171495798
3182,0,0.005261974272206256
3183,1,0.8140465264522398
3184,0,0.1582362067620482
3185,0,0.052737830380483484
3186,0,0.0479446317071983
3187,0,0.0024272992797482068
3188,0,0.007248092539650498
3189,0,0.1879852764314137
3190,0,0.9085772376038207
3191,0,0.03813729965200763
3192,0,0.28359083265590423
3193,0,0.1641434460297668
3194,0,0.28876217382954433
3195,1,0.40988963555097624
3196,1,0.8057818529924793
3197,0,0.49080848634657503
3198,0,0.1401732895400821
3199,1,0.845149060640092
3200,0,0.23351630920295524
3201,1,0.43925293221146094
3202,0,0.05208923536789263
3203,0,0.2288202457661367
3204,1,0.6724595736524159
3205,1,0.8564531442382556
3206,0,0.0043335741691184195
3207,0,0.022246797361025968
3208,0,0.0071181163195827
3209,1,0.24939257135589052
3210,0,0.005154664239173013
3211,0,0.0021802471880338313
3212,0,0.02202291540025169
3213,1,0.8119488797973893
3214,0,0.07146264983679759
3215,0,0.535061382940989
3216,0,0.6770307313496206
3217,0,0.004661099853122171
3218,1,0.8606121785068658
3219,1,0.930238429321353
3220,1,0.07020769234627336
3221,0,0.578441713326856
3222,1,0.33362033178718653
3223,0,0.08823083504221865
3224,0,0.13641163875239548
3225,0,0.8754904634314873
3226,1,0.922562705776062
3227,1,0.9508705441252763
3228,0,0.023888609108758257
3229,1,0.6852049779419325
3230,0,0.011704658452448526
3231,0,0.034620212473032555
3232,0,0.0018022221036873725
3233,0,0.6779021697158016
3234,1,0.7681930419216162
3235,0,0.004877034896502363
3236,0,0.057946962086552437
3237,0,0.8009005460194591
3238,0,0.3030294897689528
3239,0,0.009129572491893383
3240,1,0.9279491344743931
3241,0,0.009613327083474253
3242,1,0.2972654096393473
3243,0,0.07747191965377657
3244,1,0.26286976667099193
3245,1,0.9168488921095365
3246,0,0.062221941966114754
3247,1,0.8813568391570489
3248,0,0.8910250364724083
3249,0,0.07260360269804411
3250,1,0.8566670348240851
3251,1,0.9019932518913636
3252,1,0.7603238789458467
3253,0,0.03315895486888208
3254,0,0.006809398834584695
3255,1,0.7535230615921257
3256,0,0.0011566487807915032
3257,0,0.02648782123515355
3258,1,0.8392489481445381
3259,1,0.515917629547502
3260,0,0.04018569866270098
3261,0,0.020593571505864557
3262,0,0.0020428743206855203
3263,0,0.715084850286281
3264,0,0.19523044140837062
3265,0,0.005728598331118181
3266,1,0.9076960486523167
3267,0,0.025874474502584836
3268,0,0.21928161330823595
3269,0,0.016022539188436928
3270,0,0.6099921856968179
3271,0,0.7244929966111823
3272,0,0.053559637017989395
3273,1,0.9137813856573842
3274,0,0.0029568801939484878
3275,0,0.11165452220774524
3276,0,0.02527931299807871
3277,1,0.3676603119251529
3278,1,0.42058773690117945
3279,1,0.7815901987579663
3280,0,0.39212042050380796
3281,1,0.7749492059817444
3282,1,0.6673765049826901
3283,0,0.4633299293112021
3284,0,0.07332343917546545
3285,0,0.8118387758966191
3286,0,0.003432270612392059
3287,1,0.8294859404836848
3288,0,0.08269174200181681
3289,0,0.3823866846616063
3290,0,0.0076437533848735945
3291,0,0.005131023718337313
3292,0,0.012582947597968124
3293,1,0.6379451421143177
3294,0,0.046145165765700644
3295,1,0.9447176420752522
3296,1,0.7298332981201721
3297,0,0.8370798380038751
3298,0,0.005925167184014212
3299,0,0.26531384399382163
3300,0,0.0039315326560912835
3301,0,0.0027609896027821716
3302,0,0.8071936603577874
3303,0,0.13068095363033672
3304,0,0.010510799662308085
3305,0,0.006798859721049863
3306,0,0.006127498885534565
3307,0,0.025729261573521532
3308,1,0.9257885422978271
3309,0,0.002363175916458551
3310,0,0.015824294094458756
3311,0,0.008231175419629385
3312,0,0.056672413163075266
3313,1,0.37197710705504594
3314,0,0.012835481181827379
3315,0,0.06917709894654363
3316,0,0.005254911385000871
3317,0,0.04880699033681926
3318,0,0.003956257837771314
3319,0,0.7441947317319884
3320,0,0.3004113271742615
3321,0,0.008264538895284387
3322,0,0.009309421982108249
3323,1,0.9477858265424288
3324,0,0.00127498260743122
3325,0,0.013097482200342295
3326,0,0.014653926171539024
3327,1,0.6654145292599889
3328,1,0.14371209281729758
3329,1,0.7568308376789907
3330,0,0.2371357535956974
3331,0,0.8688752852405979
3332,0,0.14648284923692725
3333,0,0.48300812354878414
3334,1,0.6771214413040006
3335,0,0.06448027244963539
3336,0,0.5203426291887753
3337,0,0.003143828226586356
3338,0,0.29505830216662854
3339,0,0.8525701282862777
3340,1,0.6990053785372378
3341,0,0.009617719817079444
3342,0,0.5805056307112891
3343,0,0.45047782076241594
3344,1,0.8879553760349282
3345,0,0.024046694414390543
3346,0,0.03340903760462284
3347,0,0.1301199688079579
3348,0,0.06495431286115488
3349,0,0.0051678968848889156
3350,0,0.7854934472952466
3351,0,0.3182126554963702
3352,1,0.9096218893450642
3353,0,0.08208687803883559
3354,0,0.26542315237136466
3355,0,0.3241359781608635
3356,1,0.6721938387415756
3357,1,0.8547872199165385
3358,0,0.6615967307964119
3359,0,0.5846001675085734
3360,1,0.94450020424361
3361,0,0.18224131337900185
3362,0,0.004257268019691285
3363,1,0.6857097548427352
3364,1,0.06524665783080025
3365,1,0.46462947779008534
3366,1,0.699914793189547
3367,0,0.189854292812737
3368,0,0.02568718339092588
3369,0,0.5087299619690179
3370,0,0.15235821220128856
3371,1,0.12999551696969336
3372,0,0.010135469970571106
3373,1,0.8458133588399681
3374,1,0.6593301704047274
3375,1,0.8969677136686226
3376,0,0.12308547144069332
3377,0,0.14351478287740527
3378,1,0.8417752191560248
3379,1,0.5846608910106252
3380,0,0.0033103377578972137
3381,1,0.8843902806090675
3382,0,0.30840154683694737
3383,0,0.7238069348083697
3384,0,0.024290215454726413
3385,1,0.8792669431588822
3386,0,0.4698413986711111
3387,0,0.003995131235961871
3388,1,0.8421847400199385
3389,0,0.13236921763139903
3390,1,0.916437391115334
3391,1,0.8143424897641947
3392,1,0.7649614219768577
3393,0,0.02017745463929766
3394,1,0.8929534565130897
3395,1,0.4114550597917966
3396,1,0.8290630388224103
3397,1,0.9297271158315514
3398,1,0.8343553446644284
3399,0,0.006989589042241003
3400,0,0.048976345787572734
3401,0,0.26345601161022836
3402,1,0.9046977909035059
3403,0,0.053107842042034004
3404,0,0.017220617621494887
3405,0,0.025141098649279416
3406,1,0.8759941880207269
3407,0,0.0014000010522777872
3408,1,0.6570581131584704
3409,0,0.07352436128175809
3410,0,0.004559573321455322
3411,1,0.7015761040598777
3412,0,0.6307102466778902
3413,0,0.0053108214261759715
3414,1,0.9002157186728911
3415,0,0.2597577245664643
3416,0,0.2329894358665654
3417,1,0.9237981678684929
3418,1,0.7642344148251375
3419,0,0.048113792428328805
3420,0,0.0043798783708993965
3421,0,0.2066880592902551
3422,0,0.06951358818631868
3423,0,0.011415131566367068
3424,1,0.9187021050095352
3425,0,0.041081693554727156
3426,1,0.9002039645816049
3427,1,0.8195152989401877
3428,1,0.898411499586838
3429,0,0.14581679386060895
3430,0,0.14350831490948407
3431,0,0.850584661880545
3432,0,0.42172442964844864
3433,0,0.4585992559414669
3434,0,0.08014099277937956
3435,0,0.011332788012408286
3436,1,0.9426660420683353
3437,1,0.6433921382092771
3438,1,0.8744961066162288
3439,0,0.3861169498309251
3440,1,0.9459776913926079
3441,1,0.591307281684684
3442,0,0.8600626888950385
3443,0,0.7880038887970143
3444,1,0.9409483994067465
3445,1,0.9421726120238453
3446,0,0.022346721430910977
3447,0,0.2374580088967944
3448,0,0.1435391609949828
3449,0,0.22041491530252788
3450,1,0.858929976547788
3451,1,0.082016784840495
3452,0,0.08280891094205778
3453,0,0.022220006137843907
3454,1,0.9418864067092978
3455,1,0.9021025176826977
3456,0,0.025129782478529553
3457,0,0.555084972496938
3458,1,0.47744352697318115
3459,0,0.01730766187844754
3460,1,0.9483239862780116
3461,1,0.8403939370397132
3462,0,0.6748618200674569
3463,0,0.015751970024013476
3464,0,0.5965941908952239
3465,0,0.003697797419031982
3466,1,0.9410739992433552
3467,0,0.00635866921984009
3468,1,0.0951473573782011
3469,0,0.2504206369607284
3470,1,0.8400743763241345
3471,0,0.024547990122118408
3472,0,0.012815181688293806
3473,1,0.7995716941510241
3474,1,0.7489108874878145
3475,1,0.8140645262195442
3476,0,0.12455462204538827
3477,0,0.051452426875190575
3478,1,0.4647603548286448
3479,0,0.02377486912414178
3480,1,0.9231585649482228
3481,0,0.0191023349010066
3482,1,0.9300186014203045
3483,1,0.47132681290043166
3484,0,0.06716472011410944
3485,0,0.05128440224094763
3486,0,0.0022839500659606344
3487,1,0.8343071744819401
3488,1,0.8903731043892058
3489,0,0.011129737525318687
3490,0,0.00678084603905189
3491,0,0.4002479967119014
3492,0,0.004120131608525226
3493,0,0.0034593706818425067
3494,1,0.869249664569249
3495,0,0.030897110147468973
3496,1,0.8662578947464254
3497,0,0.1064327202210146
3498,0,0.006990225207590334
3499,0,0.06310286524050178
3500,0,0.0666687640164717
3501,0,0.24289761608854202
3502,0,0.09028196162868099
3503,0,0.05095873117424614
3504,0,0.06484720591551253
3505,1,0.976934309011102
3506,1,0.18130474566593097
3507,0,0.13485615334546658
3508,0,0.7116453100971538
3509,1,0.8738115634155781
3510,0,0.7718902621518474
3511,0,0.001042918141974017
3512,1,0.9775883980925979
3513,1,0.8622506628317639
3514,0,0.22068581497042306
3515,0,0.09157730625351304
3516,0,0.042201020449562206
3517,0,0.017798601655245706
3518,1,0.8717413245572805
3519,1,0.8110102131899165
3520,1,0.9690624528052376
3521,0,0.011021821783023703
3522,1,0.9083913385726793
3523,1,0.9667082133900948
3524,0,0.01092110028116971
3525,1,0.3156183487917582
3526,0,0.9381110818963312
3527,1,0.5743377130406483
3528,0,0.02371327598868333
3529,0,0.004274833503089569
3530,1,0.7635903806202498
3531,0,0.010069573909464717
3532,0,0.10298138433352551
3533,0,0.08862669141437823
3534,0,0.5785952510456654
3535,1,0.7754861548724928
3536,0,0.0014891382020465163
3537,0,0.0010345368942696067
3538,0,0.007150397120756549
3539,0,0.008715951519517632
3540,0,0.007863946061275256
3541,1,0.7916333297274979
3542,0,0.47543127559285125
3543,0,0.41598174879624505
3544,1,0.7470236739188586
3545,1,0.9182624184546564
3546,1,0.765045484196929
3547,0,0.015922141371699366
3548,1,0.6606697409286777
3549,0,0.02020545204469833
3550,1,0.7983981262406108
3551,0,0.0017134366326300205
3552,0,0.026393419963579228
3553,1,0.9123513921590791
3554,1,0.7709590609740404
3555,1,0.669982331975657
3556,0,0.008163656715304782
3557,0,0.6179092238268488
3558,0,0.0014790609343148815
3559,0,0.031430542320265875
3560,0,0.006250269980361571
3561,0,0.06191121598483516
3562,0,0.0642962184681519
3563,0,0.020906613884146302
3564,0,0.03577528179796813
3565,0,0.03606722887540367
3566,0,0.5961673625598357
3567,1,0.28349585641613406
3568,0,0.01603653633704748
3569,1,0.7753881090964755
3570,0,0.01509537038294484
3571,0,0.030943991011810237
3572,1,0.9339103540064086
3573,0,0.00660151149923043
3574,0,0.1846442525755242
3575,0,0.010799033635235229
3576,0,0.005229720323238844
3577,0,0.010379596856506114
3578,0,0.030682023677649974
3579,1,0.8279370901176035
3580,0,0.010177710463815486
3581,1,0.8292328714451958
3582,1,0.8477126504827373
3583,1,0.9021654548530311
3584,0,0.005279845120794605
3585,0,0.008579469335283554
3586,0,0.0028211735228433387
3587,0,0.014160156639155385
3588,0,0.008271725656481464
3589,0,0.005743310950921283
3590,0,0.005558838651245528
3591,1,0.9506727490097033
3592,0,0.417417806552386
3593,1,0.5683895757291044
3594,0,0.07837555198693066
3595,0,0.0981662637312878
3596,1,0.9292495102784736
3597,0,0.2943602100346841
3598,0,0.03126642671408809
3599,0,0.09436992728889328
3600,0,0.2783926625929797
3601,0,0.015056183388635265
3602,1,0.8363446449856275
3603,0,0.8558210223216985
3604,1,0.8378033619329835
3605,1,0.9630517667028433
3606,0,0.8381822483392724
3607,1,0.4430029326821203
3608,0,0.0029183751505451726
3609,0,0.011755597771882412
3610,1,0.6331476300160311
3611,0,0.002449856347999349
3612,1,0.8040611380510856
3613,0,0.02223471124145314
3614,0,0.8378559101395224
3615,0,0.3575236870168703
3616,1,0.9502375306910227
3617,0,0.32947688562628247
3618,0,0.06999765637737336
3619,0,0.02781156335418081
3620,1,0.23226410162790131
3621,0,0.34860247418958873
3622,1,0.7814764576794474
3623,0,0.0042791868145988735
3624,0,0.7281679433661548
3625,0,0.006961276279133266
3626,1,0.9296767889012321
3627,0,0.024559722314427768
3628,1,0.3051209074307132
3629,1,0.9059448647245463
3630,0,0.006236639870609642
3631,0,0.01705954886165185
3632,0,0.007567163316663433
3633,0,0.061685451377162866
3634,1,0.9083842915498409
3635,0,0.3994064865473437
3636,0,0.03241516776822309
3637,0,0.05786537462791242
3638,1,0.8467176012725688
3639,1,0.8060238392657546
3640,1,0.42871564886410246
3641,0,0.056635145642369676
3642,1,0.7952097418227918
3643,0,0.0634330675105289
3644,0,0.015007487569757916
3645,0,0.025199781249514462
3646,0,0.17281024563510541
3647,0,0.05085207913202123
3648,0,0.008273824788991106
3649,0,0.04515310348441455
3650,1,0.8859215646568539
3651,1,0.7182856930940218
3652,1,0.8159717468809747
3653,1,0.6866270011920544
3654,1,0.8459244063468417
3655,1,0.9001619845468303
3656,0,0.04178092214716127
3657,0,0.060906360723923234
3658,0,0.008808549004600456
3659,0,0.024399449740674616
3660,0,0.010297115690143507
3661,0,0.005205502790558273
3662,1,0.9254611243193593
3663,1,0.736039942058687
3664,0,0.024824940648694928
3665,0,0.391787475548933
3666,1,0.6700678596171741
3667,1,0.8910388555443883
3668,1,0.7172053032839361
3669,0,0.0023313737904356807
3670,0,0.13215027304801813
3671,0,0.039932102426161055
3672,1,0.9407356023369368
3673,1,0.7811812455921711
3674,1,0.8733307167708347
3675,1,0.9459100144169611
3676,1,0.7940218386573424
3677,0,0.004994349303427599
3678,0,0.02817532317532062
3679,1,0.817962531444074
3680,1,0.8737712575596428
3681,1,0.8454432296303003
3682,0,0.6338489087978127
3683,0,0.06924961934308232
3684,0,0.13345347329900994
3685,0,0.007467682656995029
3686,0,0.4481201835186405
3687,1,0.8474148696672951
3688,1,0.8250591234695726
3689,0,0.031063114262636932
3690,0,0.0016031978712623268
3691,0,0.258176635259656
3692,0,0.14044829478107101
3693,0,0.04244977183952727
3694,0,0.35801496939196775
3695,1,0.9612195623605823
3696,1,0.7377510556991611
3697,0,0.0029016937813135368
3698,1,0.25076727092988377
3699,1,0.35744421275974203
3700,0,0.5032087812441907
3701,1,0.953148303260071
3702,0,0.019060014243399023
3703,1,0.06267228789121898
3704,1,0.9330507312952786
3705,1,0.9140726774704778
3706,0,0.05676558262965317
3707,1,0.8408435489011254
3708,0,0.1682415616891353
3709,1,0.29264639026832107
3710,0,0.33759907034387293
3711,0,0.010833803928266768
3712,1,0.8725107260109837
3713,0,0.06668320400161587
3714,1,0.8920493599281932
3715,0,0.2175377856712553
3716,0,0.00988051836524096
3717,0,0.40334866985870726
3718,0,0.3766271570139274
3719,0,0.047444853854521664
3720,1,0.8547520331007968
3721,1,0.7660520534066255
3722,0,0.35035414372906615
3723,1,0.5150866370160995
3724,0,0.017717936988337075
3725,0,0.5589539975614113
3726,0,0.009926696439613076
3727,0,0.057178722346892426
3728,1,0.9438367224563393
3729,0,0.004095271918760532
3730,0,0.10794110940174262
3731,0,0.0021449714537859856
3732,0,0.44100971358453095
3733,0,0.004121904579001178
3734,0,0.04674213996368955
3735,0,0.6419198272717919
3736,0,0.008035868049246428
3737,1,0.635492950295796
3738,0,0.1039361951992075
3739,1,0.8362229957615472
3740,0,0.02037592108634423
3741,0,0.272553219279652
3742,1,0.7612798668331838
3743,0,0.006395115846778408
3744,0,0.07090748925762988
3745,0,0.021483648947087836
3746,1,0.9565052595266629
3747,0,0.012183841059235197
3748,0,0.6782287922727094
3749,0,0.2163665704268604
3750,0,0.2916193142256902
3751,0,0.04833666106703549
3752,0,0.0181019194584022
3753,0,0.008498639324417499
3754,1,0.9294949239377603
3755,0,0.30843768890817297
3756,0,0.04509764029576806
3757,1,0.8230579927429446
3758,0,0.08818916334276981
3759,1,0.7872666874607902
3760,0,0.004090165693395732
3761,0,0.01890676026501298
3762,1,0.8807239215209677
3763,0,0.0025889956511135756
3764,0,0.1706486029642497
3765,0,0.004811884617204821
3766,1,0.7274275472963172
3767,0,0.019202846353020445
3768,1,0.7653639276619715
3769,1,0.46398390226602015
3770,0,0.014948617839247814
3771,0,0.15231513703892963
3772,0,0.059662772260309124
3773,1,0.8872248763118447
3774,1,0.6195629417829355
3775,0,0.02967547330955965
3776,0,0.2931738656664038
3777,0,0.40708425855800845
3778,1,0.7813086818272355
3779,0,0.010896839553418376
3780,0,0.6509427033467143
3781,0,0.00961834101047775
3782,0,0.22658117244529086
3783,1,0.8737175879810746
3784,1,0.9542320100330788
3785,1,0.8835822269813085
3786,1,0.8163648415887126
3787,0,0.464682960294793
3788,0,0.003652827570432264
3789,1,0.5367937665253125
3790,1,0.7072197990502935
3791,1,0.8417285785737947
3792,1,0.8203079125355284
3793,0,0.6829177624488734
3794,0,0.02152583706186633
3795,0,0.7329504007002781
3796,0,0.038664759496458916
3797,0,0.01903679701420981
3798,0,0.1304093040783281
3799,0,0.21016840672451476
3800,1,0.25863047691935953
3801,0,0.09556477414602567
3802,1,0.7700918590713554
3803,0,0.058654167768114704
3804,0,0.008807397801487515
3805,0,0.06030709352889908
3806,0,0.008104711717589728
3807,0,0.07791977845774899
3808,1,0.6807665718211205
3809,1,0.9668902962351068
3810,1,0.8758120395239913
3811,0,0.141815818260468
3812,0,0.5673983129037009
3813,1,0.9374785977357867
3814,0,0.0029695607416981603
3815,1,0.7384404092461618
3816,1,0.9209579108912478
3817,1,0.9528499426017201
3818,0,0.27890528174507645
3819,0,0.006218614519998349
3820,1,0.8726964952015381
3821,0,0.05035619432469995
3822,0,0.0018498069313215308
3823,1,0.8763080104996617
3824,0,0.5447959701357923
3825,0,0.008703872704635525
3826,0,0.17339855840367221
3827,0,0.5168947564828777
3828,0,0.05364131566778453
3829,1,0.6713563201675338
3830,0,0.06349927406742938
3831,0,0.0030896105427699653
3832,0,0.19877595075784266
3833,1,0.8337065065875735
3834,1,0.9158441916994117
3835,0,0.04017360653732348
3836,0,0.050927737418709505
3837,0,0.035753311064690214
3838,0,0.027449393901922275
3839,1,0.9258036012391015
3840,0,0.0012644726112702137
3841,1,0.8420887281552336
3842,0,0.010917118823599647
3843,1,0.5878895506612334
3844,0,0.010795855429225332
3845,0,0.8131504729115736
3846,0,0.012357538163927345
3847,1,0.922570790005087
3848,1,0.5288899750789734
3849,0,0.3103863259189014
3850,0,0.0038989224857413542
3851,1,0.8370699701335537
3852,0,0.009073402012924222
3853,1,0.8613785072416952
3854,1,0.9380525557013418
3855,1,0.8887296252674989
3856,1,0.684201366183324
3857,0,0.07170554724966195
3858,1,0.8122054612374623
3859,0,0.45286948956481177
3860,1,0.9460081187502473
3861,0,0.0021124205471163495
3862,0,0.015056276907308241
3863,1,0.8472704199300393
3864,1,0.7934103546895206
3865,1,0.7101763660195829
3866,1,0.7564278125591837
3867,1,0.9476582493710549
3868,0,0.0548643549918105
3869,1,0.7436143908430028
3870,0,0.017968246476321358
3871,0,0.006095686398450454
3872,0,0.051213325004994203
3873,0,0.007768529969120431
3874,1,0.6748802552114622
3875,0,0.011595568702983757
3876,1,0.8910159125142773
3877,1,0.6279625510883173
3878,0,0.011303782203502805
3879,0,0.026882302962671308
3880,0,0.04936030836446818
3881,0,0.887628921012025
3882,0,0.03881462238114652
3883,0,0.04635520940300446
3884,1,0.899103014115888
3885,1,0.9577266660046453
3886,0,0.009821832858810917
3887,0,0.7653769569589939
3888,1,0.9054115020639257
3889,0,0.0971259002163382
3890,0,0.4398865840504742
3891,0,0.2767879095145812
3892,0,0.009876010097166352
3893,1,0.8932020858151115
3894,1,0.7895406787321566
3895,0,0.6495304019785966
3896,0,0.0014733513790500684
3897,1,0.5510068640608449
3898,0,0.04973777925346727
3899,0,0.8357632666676247
3900,0,0.13031271886931153
3901,0,0.11529691832797971
3902,0,0.08128456549050446
3903,0,0.03951572909513217
3904,0,0.004534866767773381
3905,0,0.07060254114152337
3906,0,0.03711202386223997
3907,0,0.02590994930688183
3908,0,0.20429424339135543
3909,1,0.7011268305841192
3910,0,0.6628443760862891
3911,1,0.7932253262363819
3912,0,0.12253414463690768
3913,1,0.6870987798570926
3914,0,0.22206204698067225
3915,1,0.4851223460596047
3916,0,0.001694932484588079
3917,0,0.06962696067539104
3918,1,0.9460523227723582
3919,0,0.030827534231061444
3920,0,0.01670219930564376
3921,1,0.9216476898661019
3922,0,0.0037498249651393457
3923,1,0.9180102641609695
3924,0,0.0026967894443209045
3925,0,0.01892477666100679
3926,1,0.7732269161574099
3927,0,0.01361853408542481
3928,1,0.9445722554581959
3929,1,0.8803373395291654
3930,0,0.003931954396815851
3931,0,0.016365110161834204
3932,0,0.012564206722619247
3933,0,0.06987448441186721
3934,0,0.04479961528702223
3935,0,0.008013678397817803
3936,0,0.012188325792480548
3937,0,0.029016594691024147
3938,0,0.34255520093424685
3939,0,0.021093021907672996
3940,0,0.3689030065514943
3941,1,0.8913459497305426
3942,0,0.9114553249135449
3943,0,0.021326145689646116
3944,0,0.010124683715218682
3945,1,0.5928942431455901
3946,0,0.0027064317525943996
3947,1,0.9009016729523346
3948,0,0.007000825557734231
3949,0,0.02691436808824693
3950,0,0.558871132603586
3951,0,0.019376802229860594
3952,0,0.8075939068538616
3953,0,0.014037852105973418
3954,1,0.6137361060112128
3955,1,0.5186969516980194
3956,0,0.31125807729415217
3957,1,0.764270814533206
3958,1,0.8200430216132883
3959,0,0.10296587437361426
3960,1,0.8644337123061193
3961,1,0.8919373092193411
3962,0,0.153159107026182
3963,0,0.013706993324265008
3964,1,0.3407945508002755
3965,0,0.009057154440645688
3966,1,0.8208980374981021
3967,0,0.011294995069114338
3968,0,0.07488361853261655
3969,1,0.6959698710097912
3970,1,0.11911699598713872
3971,0,0.0013531580631620413
3972,0,0.024952408576011945
3973,1,0.8216098901933749
3974,0,0.005661631964932857
3975,0,0.006935975032223802
3976,0,0.004655657163690947
3977,0,0.02032063648666065
3978,1,0.7557267533676065
3979,0,0.013652765525226065
3980,0,0.011091336219164374
3981,0,0.3667667456142903
3982,1,0.8584456172959223
3983,1,0.3718454822783997
3984,1,0.31513660833002266
3985,0,0.5015649565077837
3986,0,0.01266744928805766
3987,0,0.008989711237504668
3988,0,0.017059235731080508
3989,1,0.9195316577139011
3990,1,0.7516581104482847
3991,0,0.03553923569005133
3992,0,0.09588984536761638
3993,0,0.3447160581315883
3994,0,0.3735077666025577
3995,0,0.9290392012613518
3996,0,0.24767899841374857
3997,1,0.2986112038058008
3998,1,0.6635282959777992
3999,0,0.20916469255794165
4000,0,0.04840092012208479
4001,0,0.5045955601557507
4002,1,0.7101781511269204
4003,1,0.9588481502268942
4004,1,0.9450104390658571
4005,1,0.886140916343477
4006,1,0.920937210645983
4007,0,0.04662661381018133
4008,0,0.005309471260886362
4009,0,0.39845555820827744
4010,1,0.5680656472962742
4011,1,0.9177090364189094
4012,0,0.01739873729501308
4013,0,0.0025299027932916
4014,0,0.3945999019094036
4015,0,0.0019910710739696287
4016,1,0.6389994554042447
4017,1,0.8882393629056389
4018,1,0.6699495783485421
4019,0,0.7998398882179698
4020,0,0.5296694366376975
4021,0,0.0097737379688055
4022,0,0.015953090555973753
4023,1,0.8281677835780263
4024,1,0.9213412693916044
4025,0,0.018377704833235236
4026,1,0.6368020673051004
4027,1,0.9327536328923611
4028,0,0.02335865610637726
4029,0,0.224078492667709
4030,0,0.450745142234964
4031,0,0.7762261785094969
4032,0,0.010509028303160726
4033,1,0.8794732114995385
4034,0,0.005805825528365628
4035,1,0.7335546127545047
4036,1,0.9139314418204603
4037,1,0.1702199785901386
4038,0,0.014959010986425434
4039,1,0.03646126160789116
4040,0,0.46540161379817235
4041,1,0.933651255907591
4042,0,0.3238123418375755
4043,0,0.8053945483058242
4044,1,0.9230475650793479
4045,1,0.9541799345986777
4046,0,0.10682253857155143
4047,1,0.8115211673707168
4048,0,0.029291281237052498
4049,0,0.006283031171520604
4050,1,0.4460726185340563
4051,1,0.7157708737852082
4052,0,0.33771501618249145
4053,1,0.7824649224868963
4054,0,0.021590615598300448
4055,0,0.2658007584544882
4056,1,0.4801265618367798
4057,1,0.8767011687821799
4058,0,0.03180789605060864
4059,0,0.015978052407399114
4060,0,0.5815237423259352
4061,1,0.663442818313746
4062,0,0.011205283189952515
4063,1,0.9101251103014942
4064,1,0.31021618677894885
4065,0,0.012758437591885075
4066,0,0.07362944259179144
4067,0,0.7538939653381089
4068,1,0.5335147081328417
4069,1,0.7621027008710091
4070,0,0.018241857428980806
4071,1,0.8622642699203825
4072,0,0.05336587294533596
4073,0,0.14289434356636507
4074,0,0.4496183796081782
4075,0,0.002391339446520171
4076,0,0.008227430110702429
4077,0,0.0039039323675983707
4078,0,0.034172967454854784
4079,0,0.10200518154504842
4080,1,0.9121526136702027
4081,0,0.05354149358021369
4082,1,0.07906921393417125
4083,1,0.8496012942058013
4084,0,0.034186699151749086
4085,0,0.113806627361861
4086,0,0.0029222857488596533
4087,1,0.6830232713767526
4088,0,0.4255124788013627
4089,0,0.00862469210212326
4090,1,0.9135599865068336
4091,1,0.17443012103817934
4092,0,0.15750516569934161
4093,0,0.003152564910637378
4094,0,0.012869333313410808
4095,0,0.004924939224928681
4096,0,0.0675166744817773
4097,1,0.8477124775617467
4098,1,0.8953751268302218
4099,1,0.9432170577476708
4100,0,0.00919897896328838
4101,1,0.922189638488601
4102,0,0.01994350582361885
4103,0,0.10016286590400444
4104,0,0.047007706442117214
4105,1,0.5664248290360328
4106,1,0.9194407167673029
4107,1,0.9280566116817562
4108,0,0.022121734477691734
4109,0,0.0016917408294335337
4110,0,0.0664624093748661
4111,1,0.9358007748796748
4112,0,0.11751768265724069
4113,1,0.9153475334196299
4114,0,0.282987043695207
4115,0,0.16353905675961988
4116,1,0.5191524955218698
4117,1,0.723466611427594
4118,1,0.7739178429007388
4119,0,0.004385713352289523
4120,0,0.016507928185021108
4121,1,0.8729395805097432
4122,1,0.8330207416812644
4123,0,0.05904810023205956
4124,0,0.026068166564892536
4125,1,0.8242742009362862
4126,0,0.02613944758564276
4127,0,0.002348399131460213
4128,1,0.6264867116239337
4129,1,0.8982476007891113
4130,0,0.006344136323908127
4131,1,0.8194463762785519
4132,0,0.006336542756737075
4133,0,0.11831531682376788
4134,0,0.168773648352342
4135,0,0.0046036618322392335
4136,0,0.07546670198108854
4137,0,0.010562090655445487
4138,0,0.05574088264028849
4139,0,0.7032206162293297
4140,0,0.04916550070045217
4141,0,0.04978685942827567
4142,0,0.37421391421830985
4143,1,0.6785103888025714
4144,0,0.19934874233314454
4145,1,0.9524035070970255
4146,1,0.9276742377211588
4147,1,0.9163381077086514
4148,1,0.9644496376657957
4149,0,0.08317526432589814
4150,0,0.0032476494304948624
4151,0,0.4341925992360445
4152,0,0.006801310250724731
4153,1,0.7150095015991409
4154,0,0.5688313299902483
4155,0,0.007838158957754431
4156,0,0.007493685168369785
4157,0,0.08464908321750826
4158,0,0.061709935348193225
4159,0,0.0284162180195894
4160,1,0.7403370220444481
4161,0,0.8857594456079696
4162,1,0.6169666816580832
4163,1,0.9077764328099016
4164,0,0.006131919581522675
4165,0,0.7372346266836385
4166,0,0.04951480676344625
4167,0,0.011256606971788898
4168,0,0.10884922492849769
4169,1,0.11144243478201968
4170,1,0.7831944101045681
4171,1,0.8448417692712094
4172,0,0.05975969259985968
4173,1,0.5376740820895923
4174,1,0.9240790930870655
4175,0,0.12841026627719865
4176,0,0.0241874776039313
4177,1,0.6604146601820693
4178,0,0.030876738539051707
4179,0,0.060753255804666007
4180,1,0.8946705755223587
4181,0,0.4328761048724661
4182,1,0.8586373544106602
4183,0,0.7722828583830266
4184,0,0.0053749657306045185
4185,0,0.009564755492873375
4186,0,0.0035509412623090926
4187,0,0.04205975114254337
4188,0,0.02028628551060339
4189,0,0.028011633307192293
4190,0,0.002776331898287522
4191,1,0.9314054253049864
4192,0,0.023703978419842626
4193,1,0.6999571265932504
4194,0,0.5729118583928101
4195,0,0.6487987624624272
4196,1,0.9365342637314186
4197,0,0.001036978363653557
4198,1,0.9093251849892519
4199,0,0.3929299259986594
4200,0,0.02073707582996849
4201,1,0.8089402557688923
4202,0,0.40116433776775495
4203,0,0.5021117031256186
4204,0,0.14301363200628983
4205,0,0.6300458984477642
4206,1,0.9261486591732361
4207,1,0.14959275566775998
4208,0,0.6234438026660821
4209,1,0.8137270033684819
4210,1,0.9384646493969606
4211,1,0.6386707986172673
4212,1,0.8605943835830407
4213,1,0.6270217877481025
4214,0,0.014459987280145015
4215,0,0.05903079529526718
4216,1,0.8688902717264795
4217,0,0.051666246866850576
4218,0,0.6920418297272053
4219,0,0.010314706897395751
4220,1,0.9697736401227489
4221,1,0.9301864307769858
4222,1,0.6713833914532251
4223,0,0.04956496574130313
4224,0,0.002377797710536534
4225,1,0.7313228928692479
4226,0,0.21818327590058936
4227,0,0.023986909719738193
4228,0,0.14912725345748556
4229,1,0.4976548937300349
4230,1,0.5330374449620277
4231,0,0.546661905499494
4232,0,0.04142360298660074
4233,0,0.3239710669536167
4234,0,0.7976265600775669
4235,0,0.3090202834566054
4236,0,0.0021723256958328017
4237,0,0.0038983739111980147
4238,0,0.15530457885711646
4239,1,0.4347223309462912
4240,0,0.022256924968244364
4241,0,0.029104928852240163
4242,0,0.09071781226518245
4243,0,0.1003984005064396
4244,0,0.07756927316761797
4245,0,0.08128760409072228
4246,1,0.9458331208772597
4247,0,0.0038685502763926237
4248,0,0.09517547196386927
4249,0,0.8453765778231815
4250,0,0.0016954734177731198
4251,1,0.6832543146697394
4252,1,0.8894629230738358
4253,0,0.05103181433262405
4254,0,0.057697657258997274
4255,1,0.568417109336209
4256,1,0.8130500035498543
4257,1,0.7827846175290202
4258,1,0.8288670409699533
4259,0,0.006876867856432142
4260,0,0.7457207231647166
4261,0,0.14891306046315378
4262,0,0.07510723653859835
4263,1,0.6665763179399832
4264,0,0.005110369751006774
4265,0,0.09118162375698802
4266,1,0.8803448095582539
4267,0,0.00662638433442162
4268,0,0.49536519648225774
4269,1,0.526058544085201
4270,0,0.1515682323624575
4271,1,0.40525910847783225
4272,0,0.3547745127002204
4273,1,0.8626043980696986
4274,1,0.9536044506975686
4275,0,0.0059954448469508835
4276,1,0.8542403349533176
4277,1,0.6568710753913883
4278,0,0.011427580439759034
4279,1,0.9399659015719345
4280,0,0.10103955683265914
4281,0,0.028944368015835557
4282,1,0.1543503359733266
4283,0,0.6783979245739133
4284,1,0.9322346438038356
4285,0,0.011720355578997302
4286,0,0.05090983460847751
4287,0,0.12256028511143308
4288,0,0.09102712103733973
4289,1,0.9040481744396335
4290,0,0.1672841701660059
4291,0,0.2163151552001269
4292,1,0.7930739042075223
4293,0,0.28066661573769286
4294,0,0.1278163248012631
4295,1,0.8677671236792136
4296,0,0.0016196705275478797
4297,0,0.2536119893639151
4298,1,0.9404871904970691
4299,1,0.8515839594873904
4300,0,0.8425816448587455
4301,1,0.9306630051792347
4302,1,0.5732845742072589
4303,0,0.048683152509408474
4304,1,0.7342382892054091
4305,0,0.032462598000282644
4306,0,0.0021065072412624264
4307,1,0.9371810782703072
4308,0,0.23948082946241925
4309,0,0.26830843365455764
4310,1,0.46926370334785983
4311,0,0.12242787160305488
4312,1,0.4917707968522
4313,1,0.6905022317634428
4314,1,0.9287951472045588
4315,0,0.1971236772848191
4316,0,0.014458682728429423
4317,1,0.6774680493528493
4318,0,0.00358404550900824
4319,1,0.8693668498457311
4320,1,0.9767167294121525
4321,1,0.7395445038832843
4322,0,0.04833833610900776
4323,0,0.011128091441796276
4324,1,0.8741882961906712
4325,1,0.5101696907668769
4326,0,0.012455141550520746
4327,0,0.0410983590571041
4328,0,0.10857897051913883
4329,0,0.002066585709988394
4330,0,0.05528144037861105
4331,0,0.12419890241957049
4332,1,0.4364444085145906
4333,1,0.9013604872631761
4334,0,0.5974081401777367
4335,1,0.9321605479121415
4336,0,0.008504134116959456
4337,0,0.012346424563078343
4338,0,0.0012861622805209858
4339,0,0.07890786383411605
4340,0,0.005527441959702856
4341,0,0.049464254262359696
4342,0,0.0066317281374875725
4343,0,0.10922805909982879
4344,0,0.015891737413383303
4345,0,0.013491327975020902
4346,1,0.730542473255044
4347,0,0.0016953213277243482
4348,0,0.08236345872290077
4349,0,0.7251162553169989
4350,1,0.7795941150063957
4351,0,0.09503075758472261
4352,0,0.4312291019471147
4353,0,0.17497131449606862
4354,1,0.8737340222643848
4355,0,0.03836323623448033
4356,1,0.11926910760753807
4357,1,0.9100053703124835
4358,0,0.25868831945673976
4359,1,0.9494422356380618
4360,1,0.965734647101965
4361,0,0.06158678606564042
4362,1,0.38163629605731564
4363,0,0.016339850455156065
4364,0,0.33019497116126484
4365,1,0.929580099552342
4366,0,0.022594359799209464
4367,0,0.019888883946361714
4368,1,0.8654800337425469
4369,0,0.020230561013296035
4370,0,0.08212168555560034
4371,0,0.022927004141255106
4372,0,0.17686985692851603
4373,0,0.057843932347090954
4374,0,0.3730753868851345
4375,0,0.025165982220794
4376,0,0.018373777141811754
4377,0,0.12652351958057173
4378,0,0.3489545651686455
4379,0,0.002017730219133665
4380,0,0.005986673753136341
4381,0,0.002032693251214335
4382,0,0.04295135764682539
4383,1,0.7820469353631032
4384,1,0.3562138912042068
4385,1,0.6461771470356829
4386,0,0.0072753915188290665
4387,0,0.26402024165801713
4388,1,0.9474126692035587
4389,1,0.697820496857976
4390,1,0.8532003054519575
4391,1,0.7973171624245148
4392,0,0.4023861299191596
4393,0,0.008718605673831696
4394,0,0.9007475894841578
4395,1,0.8756087095729993
4396,0,0.47275543767952477
4397,0,0.014652460431510635
4398,0,0.03956171197198492
4399,1,0.5845394958995699
4400,0,0.8445605188167835
4401,0,0.34286966042527534
4402,0,0.2993532697233662
4403,1,0.18351393304434557
4404,0,0.39054080028226357
4405,0,0.038442052583730055
4406,0,0.00437154937457501
4407,0,0.007804618080447004
4408,0,0.0036500207072457614
4409,0,0.3837454008378427
4410,1,0.9496320158293996
4411,1,0.2649483455912253
4412,1,0.9398965541520607
4413,0,0.30602316027076915
4414,0,0.029765448731990968
4415,0,0.0446446157166287
4416,0,0.0614992689169382
4417,0,0.7732336894947145
4418,0,0.0308973179750027
4419,1,0.9513279236376675
4420,0,0.05497906105088848
4421,1,0.9266569208414439
4422,1,0.6729863621439457
4423,0,0.014212859105530107
4424,0,0.06821724382146556
4425,0,0.002273608147629056
4426,1,0.32789708696452974
4427,1,0.1758501008497239
4428,1,0.7088878155378804
4429,0,0.01650005782509184
4430,0,0.03504530984588124
4431,0,0.026928894162172194
4432,0,0.0037708992991556446
4433,0,0.0007165982203371582
4434,0,0.08181301196436426
4435,0,0.0064937957673704
4436,0,0.009730920795928931
4437,1,0.554783165486361
4438,1,0.7924816166766553
4439,0,0.05482815633207659
4440,0,0.01682937906195975
4441,1,0.9267637632902369
4442,0,0.009139539582766459
4443,0,0.2677099100483185
4444,0,0.08861874568383404
4445,1,0.9627283197917753
4446,0,0.023468668925320655
4447,1,0.936654687375384
4448,0,0.005839293239892799
4449,0,0.08499904602720834
4450,0,0.031220479957014265
4451,0,0.11164622215041159
4452,0,0.5705895852489664
4453,0,0.37693096099829426
4454,0,0.640307334682747
4455,0,0.15527766015927716
4456,0,0.006008538047970919
4457,1,0.6911499134746505
4458,0,0.2295010873527196
4459,0,0.6367163804761227
4460,1,0.7931577952088554
4461,0,0.006150834650870293
4462,0,0.002655240784102909
4463,1,0.8762490026519096
4464,1,0.6405505771171016
4465,1,0.8871701031902446
4466,1,0.8371699073763239
4467,0,0.512979192826299
4468,0,0.00516570893991283
4469,1,0.7523459630101771
4470,1,0.9158246472421042
4471,0,0.32702049524471727
4472,1,0.9185933613429909
4473,0,0.0014328452831820853
4474,1,0.7632805970516611
4475,1,0.872892718746528
4476,1,0.53495826959919
4477,0,0.19498712194454076
4478,0,0.0038708897624947234
4479,0,0.023228468116103813
4480,1,0.9589463161052569
4481,0,0.48105227852945703
4482,1,0.9366875354593017
4483,1,0.5971678567378657
4484,0,0.044170124953874026
4485,1,0.7502795234172543
4486,1,0.8432468946462509
4487,0,0.16632085771805338
4488,0,0.15761552689067437
4489,0,0.0615254984994261
4490,1,0.9174717195563415
4491,0,0.012727225262726207
4492,0,0.0025995890406189572
4493,0,0.05599983946807183
4494,0,0.04087154386988324
4495,0,0.5288726490144131
4496,0,0.020731339598161997
4497,0,0.19216709142142685
4498,0,0.12189070501330652
4499,1,0.5562547690001736
4500,0,0.02868333131522107
4501,1,0.10122307687474502
4502,1,0.26196474630968397
4503,1,0.9691349114273835
4504,1,0.820506279070227
4505,1,0.014091929082517194
4506,0,0.20295139931041634
4507,0,0.003213627520256848
4508,0,0.08052447322469873
4509,0,0.9069113766775105
4510,0,0.2757246416707507
4511,1,0.6326560706043332
4512,1,0.8980156786962836
4513,0,0.007081121291214779
4514,0,0.03334799810483872
4515,1,0.8632343857493545
4516,0,0.07989469558081502
4517,0,0.005455365407715983
4518,1,0.8774426792106175
4519,1,0.8707191312996831
4520,1,0.3473779599785398
4521,0,0.4058894747206329
4522,1,0.5359562662846228
4523,0,0.0068170576663364475
4524,0,0.010441925351901542
4525,0,0.0006502611599219657
4526,0,0.003985626194472232
4527,0,0.4031993625792894
4528,0,0.13307949393139537
4529,0,0.4566289336447407
4530,1,0.9711797281465786
4531,1,0.8538838876464224
4532,0,0.12150414157751786
4533,1,0.6211666987526733
4534,0,0.006567359202504319
4535,0,0.013551055518717305
4536,1,0.8362062893076998
4537,0,0.009489498137126745
4538,1,0.7803560217026486
4539,0,0.7382096906606854
4540,0,0.08132439808942128
4541,1,0.9244158359603871
4542,1,0.8457895759467927
4543,1,0.5189768087384282
4544,0,0.013194778803920589
4545,1,0.8315886968006128
4546,0,0.6901076807152552
4547,0,0.163885861426805
4548,0,0.007856874433650879
4549,0,0.8640530589215929
4550,1,0.9407172307042371
4551,0,0.0013904378651841448
4552,1,0.5473996894970762
4553,1,0.9412016119427926
4554,0,0.008745332739976245
4555,0,0.02604769881967525
4556,1,0.8989633196765889
4557,0,0.008135919011724732
4558,0,0.49673127108781234
4559,0,0.0015138492307069083
4560,0,0.011191810722433186
4561,0,0.7521630230711669
4562,1,0.915121621738041
4563,0,0.05178078967956535
4564,1,0.9109809140751219
4565,0,0.1018376144246336
4566,1,0.8517660005644794
4567,0,0.003878301182285746
4568,1,0.8285555442288182
4569,0,0.7142148199478983
4570,0,0.0019245762846412692
4571,0,0.0028957243799981208
4572,1,0.9314344351130153
4573,0,0.018238236452072124
4574,0,0.021557055793757822
4575,0,0.08478965874665004
4576,0,0.3638761582489584
4577,0,0.02230202828246584
4578,0,0.006174157649967246
4579,0,0.019475292766962225
4580,0,0.11445980832860145
4581,0,0.0052716069600916345
4582,1,0.4869425103995129
4583,0,0.06916283089061427
4584,1,0.7097223290783672
4585,0,0.119076989361268
4586,1,0.9342135920212455
4587,0,0.031107300302563638
4588,0,0.5918564151257248
4589,1,0.7398283970026939
4590,1,0.8057213494802639
4591,0,0.006078227657939325
4592,1,0.7322612380779372
4593,0,0.2572239439115627
4594,0,0.004928636547064404
4595,0,0.6666303805650402
4596,0,0.006048378529811629
4597,0,0.10321764326157615
4598,1,0.534681021214225
4599,1,0.6554041926348433
4600,1,0.8492668951571622
4601,1,0.945144659140218
4602,1,0.2980396843521573
4603,1,0.7359325495952966
4604,0,0.10195878414560701
4605,0,0.007707633355342044
4606,1,0.8703663773138444
4607,1,0.4615826784322621
4608,1,0.7590710624189313
4609,1,0.8477870759176438
4610,0,0.11209818351944845
4611,0,0.1359595063773381
4612,1,0.7544675720947107
4613,0,0.24567010985519325
4614,0,0.5959673079662863
4615,0,0.014931710352489254
4616,0,0.43626251138473326
4617,0,0.017108825136492783
4618,0,0.07000167337170078
4619,0,0.015818361383254223
4620,1,0.8546181431457585
4621,1,0.7669159461912702
4622,0,0.01060569023534118
4623,1,0.9046084844467618
4624,1,0.24214883758197356
4625,0,0.0697916885812363
4626,0,0.01087193451577603
4627,0,0.1513228261311857
4628,1,0.6322220192422431
4629,1,0.9378781838356857
4630,0,0.8154952365661043
4631,0,0.8897939081381178
4632,0,0.0015505074080954342
4633,0,0.013575734944649042
4634,1,0.8785221152384683
4635,1,0.3468365957119797
4636,1,0.9039521767546967
4637,0,0.595065726401739
4638,0,0.04461566459291602
4639,0,0.11665810717084743
4640,0,0.006060703372265126
4641,1,0.6534335176523411
4642,0,0.506657112588315
4643,0,0.7436776618559553
4644,1,0.9633335134439718
4645,0,0.020320723260847398
4646,1,0.767164303586979
4647,0,0.004541641213766701
4648,1,0.39308357785725256
4649,1,0.9387364393121039
4650,0,0.12189445124217904
4651,1,0.9717012274308934
4652,0,0.024146808861395495
4653,0,0.002460027265446888
4654,0,0.004634310608057088
4655,0,0.007557052603291726
4656,0,0.05861234277935988
4657,0,0.030947741874203804
4658,1,0.9234818462979726
4659,1,0.7153872758483971
4660,0,0.023622279849300917
4661,0,0.5624745011246508
4662,0,0.0047572046964774115
4663,0,0.2075801302210008
4664,0,0.007684235722270786
4665,1,0.9136642553315162
4666,1,0.40573939535219367
4667,0,0.10868587879042148
4668,1,0.9300207678923389
4669,1,0.8247830418373165
4670,0,0.017666286398400864
4671,0,0.02991631816535152
4672,1,0.9659980010600534
4673,1,0.9459115100613598
4674,1,0.8086203356428049
4675,1,0.8944676102197093
4676,0,0.170235570165586
4677,0,0.2980006777614909
4678,0,0.4103985165090082
4679,1,0.900407991175518
4680,0,0.039208725992068406
4681,1,0.7524968124009712
4682,1,0.5288693353921854
4683,0,0.0018576215581599018
4684,1,0.9839262734184568
4685,0,0.004811261178130511
4686,0,0.006754032954703311
4687,1,0.540235776486521
4688,0,0.2405552088828184
4689,1,0.6117309098249694
4690,0,0.007362807443386136
4691,0,0.7890025005970371
4692,0,0.010160025953941231
4693,1,0.9590906789220468
4694,1,0.4447228051864435
4695,0,0.001394438540408869
4696,1,0.48247099840282
4697,0,0.7073396143193935
4698,0,0.21541907661491544
4699,0,0.761099761230378
4700,1,0.8906879140946051
4701,1,0.7876279855243593
4702,0,0.005978614254798908
4703,0,0.056547765244248156
4704,0,0.9328155609134943
4705,1,0.7020105239080319
4706,0,0.028363530999048977
4707,0,0.009954153264978186
4708,1,0.6537831836399645
4709,1,0.9653594947042289
4710,0,0.0015070397128157885
4711,0,0.8167494201634548
4712,0,0.49572272785602933
4713,1,0.9444500769963065
4714,1,0.5442507849505266
4715,0,0.0010182712601319388
4716,0,0.003418389943764561
4717,0,0.02122443644262248
4718,1,0.8338480874834502
4719,0,0.8270710624437225
4720,0,0.1030357998403199
4721,0,0.8592352586244929
4722,0,0.7737568168775129
4723,0,0.0073121565329659155
4724,0,0.09816300911311868
4725,0,0.6901475978429972
4726,1,0.9359294356497359
4727,0,0.0034771912151157873
4728,0,0.03971134384489524
4729,0,0.023052067432692603
4730,0,0.004906118890127972
4731,0,0.8348921764395612
4732,1,0.8975713635214604
4733,0,0.18914427820028853
4734,1,0.9122913754260751
4735,0,0.05325691937496349
4736,1,0.846189702071396
4737,0,0.002852250632373548
4738,0,0.7051173948496053
4739,0,0.5686858971559339
4740,1,0.8492873788714546
4741,0,0.14458342161406432
4742,0,0.09701924171190905
4743,0,0.002059561664316363
4744,1,0.919639156897621
4745,0,0.03541561520281805
4746,1,0.7674754857907583
4747,1,0.4188327906919166
4748,0,0.07399830996069826
4749,1,0.7570142901342494
4750,0,0.017815838188146138
4751,0,0.05740514828151661
4752,0,0.3385690579875512
4753,0,0.015524307042073889
4754,0,0.12445557032093267
4755,1,0.7802843600398753
4756,0,0.056388639985066075
4757,1,0.6371876470489144
4758,0,0.00888587918665185
4759,0,0.030806748315558925
4760,0,0.10525345334671735
4761,0,0.06361662577702702
4762,0,0.2858768490195275
4763,0,0.022622945727630343
4764,0,0.2420301800643599
4765,1,0.7920340827991997
4766,0,0.07213826572671901
4767,1,0.8090091761193982
4768,0,0.09710549369954369
4769,1,0.7754814862002455
4770,0,0.0012505932342623685
4771,0,0.02106020142403913
4772,0,0.6954644963073365
4773,0,0.0302331488722557
4774,1,0.6635288897621571
4775,0,0.02111533313687914
4776,0,0.0048358072904110695
4777,0,0.5686227957150543
4778,0,0.016139183232742726
4779,1,0.860270577444275
4780,1,0.25552734073015876
4781,0,0.006121768178968551
4782,0,0.06292025714038882
4783,0,0.6483485607640711
4784,0,0.07576433301851765
4785,0,0.1379618488223866
4786,0,0.026449926134072675
4787,0,0.6700584799380129
4788,0,0.6668859421137145
4789,0,0.011633673357159745
4790,1,0.8242431422500273
4791,0,0.3347363777975026
4792,0,0.007574010662459822
4793,0,0.03792241855850705
4794,0,0.10801369709994679
4795,0,0.032616742571933054
4796,0,0.002213457031076646
4797,1,0.5280804640244956
4798,1,0.5208996399422656
4799,1,0.37404245733824304
4800,0,0.6731493195633574
4801,1,0.4992306552985715
4802,0,0.7218184899947692
4803,1,0.40851966647192917
4804,0,0.04949271390723469
4805,0,0.06298553101408885
4806,0,0.09211124636749866
4807,0,0.19879260238304627
4808,0,0.014791253801729397
4809,0,0.00475866572460997
4810,0,0.004680575216901555
4811,1,0.9109660667767547
4812,0,0.8154324030794963
4813,1,0.7156479020908227
4814,0,0.015681458869796907
4815,0,0.6947869118773338
4816,0,0.0018275186135644904
4817,0,0.007579754539414505
4818,0,0.002164732842228422
4819,0,0.023601333474988922
4820,0,0.13414181813765938
4821,0,0.04087142211058409
4822,1,0.1296716339339014
4823,0,0.31032981810826726
4824,0,0.00757118033359052
4825,0,0.0932383004832264
4826,0,0.008511060847713353
4827,1,0.8779235190772974
4828,1,0.5649453531878279
4829,0,0.5523451864601747
4830,1,0.8044730062582073
4831,0,0.007542092268916347
4832,0,0.018039843125261953
4833,1,0.9518858733328488
4834,0,0.006449982670080524
4835,1,0.932014794314527
4836,0,0.01564656546101397
4837,0,0.0019146944926932271
4838,0,0.10427486533074558
4839,0,0.03955257976189514
4840,1,0.884700590206813
4841,0,0.011162056439172518
4842,0,0.09280494077379843
4843,0,0.641036664916243
4844,0,0.05722604880725335
4845,0,0.03036847934561547
4846,1,0.8348701233443512
4847,1,0.6389359469867455
4848,0,0.021927098934581835
4849,1,0.9208833606949915
4850,0,0.08381925868631304
4851,0,0.11278656481631841
4852,0,0.6096035879294458
4853,1,0.8741444894208128
4854,0,0.0005879971452721295
4855,0,0.5685123361372749
4856,0,0.020739495420739953
4857,1,0.16883163255947456
4858,0,0.00865734161554154
4859,0,0.007779658718446525
4860,0,0.033384764623556634
4861,1,0.9071864752352762
4862,0,0.18806978126262106
4863,0,0.015701462724408734
4864,0,0.015167352202611872
4865,1,0.9207428002167981
4866,1,0.7313837430335048
4867,0,0.017627073829239906
4868,1,0.9132487397261746
4869,0,0.14004336877845275
4870,1,0.806189813815139
4871,0,0.025550708620047286
4872,1,0.8468665181382102
4873,1,0.6694686348131802
4874,1,0.6548834275597241
4875,1,0.8677832066947394
4876,0,0.21182180806133313
4877,0,0.012682981214866709
4878,0,0.005808353944589532
4879,0,0.09030647651024767
4880,0,0.006424495996324291
4881,0,0.05482585151753407
4882,0,0.013184447043320332
4883,0,0.00836494815080456
4884,1,0.4686398985146214
4885,0,0.011900388260703587
4886,0,0.7696312925376727
4887,1,0.9206964621784686
4888,0,0.09787939956636973
4889,0,0.011221052590469372
4890,0,0.035910741752274725
4891,1,0.6491417234261694
4892,1,0.696135755670546
4893,0,0.10344158787224812
4894,0,0.04107548979047972
4895,0,0.12508012529756515
4896,0,0.020042160821588176
4897,1,0.9565682546941103
4898,0,0.05620981577223177
4899,0,0.01919423529773824
4900,0,0.09195842134252867
4901,0,0.018396261718207692
4902,0,0.006354382809708649
4903,1,0.24327398034332137
4904,0,0.0008060537045676947
4905,0,0.24547738932737329
4906,0,0.005792279949074797
4907,1,0.9168272177442464
4908,1,0.7477651434002466
4909,0,0.009631929872642376
4910,0,0.31311038128065993
4911,0,0.0023973042504685706
4912,0,0.13879325588101948
4913,1,0.8364597260292618
4914,0,0.003751120777552194
4915,0,0.012136024007187541
4916,0,0.002334150722579437
4917,0,0.04879224383581194
4918,0,0.03259990214317256
4919,0,0.0060623526825079686
4920,0,0.004885655517653938
4921,0,0.018353893430305822
4922,0,0.1985204254976483
4923,0,0.021815935544870504
4924,0,0.0054050866522954025
4925,0,0.0032974738384672396
4926,0,0.0297138440947187
4927,0,0.17661944091868398
4928,0,0.19130361107280777
4929,1,0.3545853426905419
4930,0,0.04576510665012436
4931,0,0.00476200323114433
4932,1,0.7789517320940536
4933,1,0.8291356245476181
4934,1,0.3411094400387698
4935,0,0.0657207659916305
4936,0,0.08862572214118683
4937,1,0.30952830538970144
4938,0,0.06430469544341172
4939,0,0.003603483611968527
4940,1,0.779749028628368
4941,1,0.8615195260588775
4942,1,0.7134589433773069
4943,1,0.9362642169604071
4944,0,0.020132936110027692
4945,0,0.8761901082427607
4946,1,0.7922648059283197
4947,1,0.946387627719881
4948,1,0.27888799959976307
4949,0,0.607153114351697
4950,0,0.016148353025972104
4951,0,0.015142882011775537
4952,0,0.6153034660385783
4953,0,0.024129761928691703
4954,0,0.361406779053845
4955,0,0.09584962178971823
4956,0,0.07805191814748835
4957,1,0.22989392193593478
4958,0,0.3930384400779488
4959,1,0.2488060771791282
4960,0,0.8437385338449985
4961,0,0.02710907877886283
4962,0,0.06518487298031887
4963,1,0.964074422290386
4964,0,0.3568160370640733
4965,0,0.192550708021708
4966,0,0.028181703426541777
4967,1,0.7050658729115625
4968,1,0.6851881136601802
4969,1,0.7971318362165822
4970,1,0.8676203559425938
4971,0,0.058212720093437434
4972,1,0.46121399478530706
4973,1,0.6364571373004697
4974,1,0.8999225283023138
4975,1,0.844899982994003
4976,1,0.7220748407967201
4977,0,0.01078346484503155
4978,1,0.032770951804517556
4979,0,0.010459010469180791
4980,0,0.05507658474064988
4981,0,0.08871257529707118
4982,1,0.9229539520624357
4983,0,0.4868881494780561
4984,1,0.67853963861268
4985,0,0.01982228194224419
4986,0,0.112706762951937
4987,1,0.9260083095434477
4988,1,0.9089566761435968
4989,1,0.9491855572801297
4990,0,0.03333215372512857
4991,0,0.36118603676210936
4992,1,0.44369285804198444
4993,0,0.07935330049447556
4994,0,0.7123540470656634
4995,0,0.011518457341716738
4996,0,0.06648838525729729
4997,0,0.7557778127513002
4998,1,0.7927856929690268
4999,1,0.5685990714781172
5000,1,0.8381641929162285
5001,0,0.09546095286518252
5002,1,0.8714170162875404
5003,1,0.7530092983002388
5004,0,0.008215307147588504
5005,0,0.1337166001605348
5006,1,0.8515047083522521
5007,0,0.8188404011130612
5008,0,0.20881875583031317
5009,1,0.004988341068065639
5010,0,0.17343067284087801
5011,0,0.030470192671193615
5012,0,0.058442969862234836
5013,1,0.9001076762109111
5014,1,0.6934510822787536
5015,0,0.8669248586598057
5016,1,0.9226888302451649
5017,1,0.6312729353850043
5018,0,0.018458255976968325
5019,0,0.4726368422224676
5020,0,0.009642729022750048
5021,0,0.02256580277866605
5022,0,0.00927969255943224
5023,0,0.004829666304681059
5024,1,0.4824034782637876
5025,1,0.8895320682831726
5026,0,0.09819552822053468
5027,0,0.0018427005586364187
5028,0,0.09612458556408274
5029,0,0.8763405444564649
5030,1,0.8802150060825417
5031,0,0.1127960613282898
5032,0,0.7689021272425373
5033,0,0.4635194855643102
5034,1,0.9372286984705944
5035,0,0.12711816261948033
5036,0,0.8975830231059257
5037,1,0.9372657189388883
5038,1,0.8818399546276571
5039,1,0.36417367450601906
5040,1,0.8678864182865461
5041,0,0.2731045708870284
5042,1,0.6167365461674637
5043,0,0.001915381815107094
5044,1,0.8918235199272267
5045,0,0.12537951657764973
5046,0,0.7776637603330239
5047,1,0.7767177980095608
5048,0,0.010996917741800116
5049,0,0.013446833443350277
5050,0,0.006983026691207423
5051,1,0.5284742502582164
5052,1,0.8441761047587336
5053,0,0.045498608282889826
5054,1,0.908694717376512
5055,0,0.5801366431405418
5056,0,0.008303917291036614
5057,0,0.021738507723688818
5058,1,0.7770040559022144
5059,0,0.040152626167824716
5060,0,0.050214684677909086
5061,1,0.9264146045401788
5062,1,0.7672116733474184
5063,0,0.07740450118975148
5064,0,0.0057592338021293325
5065,1,0.7650442135746218
5066,1,0.7327376900664124
5067,0,0.7615169349363755
5068,0,0.09943936728238364
5069,0,0.021318830731781507
5070,1,0.7858944496921467
5071,0,0.11709082936469442
5072,0,0.01010246373067035
5073,0,0.012216002097120194
5074,1,0.6497483117900353
5075,0,0.04803508527458474
5076,0,0.008260177214210235
5077,0,0.06286109061145949
5078,1,0.13530250135328475
5079,0,0.038797268042143375
5080,1,0.8067558414490695
5081,0,0.017890594594661392
5082,0,0.019479156074489384
5083,0,0.8870906057064788
5084,0,0.7492783134630185
5085,0,0.20238644507160025
5086,0,0.3868450137181458
5087,1,0.6430034168528618
5088,0,0.019957325338144732
5089,1,0.817019100892707
5090,0,0.05267258105736135
5091,1,0.7835994327578633
5092,0,0.08308634959093558
5093,0,0.07614258707809159
5094,0,0.008141279764594268
5095,0,0.7079127066066697
5096,0,0.010091697528670226
5097,0,0.010854230097011381
5098,0,0.0015067819990691612
5099,0,0.07828380745986929
5100,0,0.016343274787270483
5101,1,0.9565860265327706
5102,0,0.023842495610014544
5103,0,0.0021808975712841704
5104,0,0.16880006478273266
5105,0,0.10565011263044435
5106,0,0.01708149475080271
5107,0,0.7696486529257084
5108,0,0.031476979780615116
5109,0,0.024365976536815298
5110,1,0.2662750261511151
5111,1,0.9605897344468546
5112,0,0.21808840044271438
5113,0,0.012564046986659319
5114,0,0.06997308114552722
5115,1,0.7725128863579304
5116,1,0.45517363163639196
5117,1,0.8221818784184469
5118,1,0.9551577323923188
5119,1,0.8564337735034462
5120,0,0.0033436890319830065
5121,1,0.5959596333805549
5122,0,0.09332600272967981
5123,0,0.004389635259296559
5124,0,0.0035848225361403783
5125,1,0.7471833273678643
5126,0,0.0056511288814061625
5127,0,0.0038331166405782676
5128,0,0.03233513711711823
5129,0,0.003381599488787226
5130,0,0.9017760173417835
5131,1,0.9048891964677779
5132,0,0.11409201403477454
5133,1,0.4858557553497159
5134,1,0.8409947370414521
5135,1,0.6963488835649898
5136,1,0.30838211003769733
5137,1,0.9256901728180027
5138,0,0.005977724083351866
5139,0,0.012478145350245218
5140,0,0.5635233041192982
5141,1,0.9796561001459733
5142,0,0.25902108130045104
5143,0,0.049737672711394974
5144,0,0.5147579026484124
5145,1,0.5918633197175793
5146,1,0.5517256080561057
5147,0,0.1050709033270461
5148,0,0.01748862075630183
5149,0,0.005460230884491242
5150,0,0.0024735324884607207
5151,0,0.0015019824250271962
5152,0,0.05137127953929826
5153,0,0.1444821797688574
5154,0,0.015393489152894216
5155,1,0.9151320083062082
5156,0,0.3260818850730368
5157,0,0.008007959649192911
5158,1,0.7533124707694197
5159,0,0.045444816839429
5160,1,0.6529876602627828
5161,0,0.039920766315237444
5162,0,0.0057980489409143535
5163,1,0.8511772825326865
5164,0,0.01716877759945103
5165,1,0.6711819600896749
5166,0,0.09263921800583158
5167,0,0.034276237016959796
5168,0,0.127998480310135
5169,0,0.26596569016408883
5170,1,0.14690712253455832
5171,0,0.0425262493381221
5172,0,0.03579591128701553
5173,0,0.028346262695541524
5174,0,0.32257451334919457
5175,1,0.8696301498120209
5176,1,0.34657788148137414
5177,0,0.00286139218645346
5178,1,0.8639155151209736
5179,0,0.008626375710920231
5180,0,0.002590503941981983
5181,0,0.006362550345598612
5182,1,0.8231457960304088
5183,1,0.9792891899062691
5184,0,0.01764968466905553
5185,0,0.011431485223813445
5186,1,0.9188809586162276
5187,0,0.7197545154716299
5188,0,0.0062634155337471485
5189,0,0.017435949141942027
5190,0,0.013774576719596813
5191,0,0.09394167442711655
5192,0,0.06215169738960615
5193,0,0.039143380473322366
5194,1,0.9141391715002796
5195,0,0.017939230289610048
5196,0,0.06382117339143009
5197,1,0.9371126653778249
5198,0,0.04276892570528121
5199,0,0.2211500012291048
5200,0,0.0867318771979034
5201,0,0.24709993374713254
5202,0,0.0007822339019748425
5203,0,0.004830113564032954
5204,0,0.23689077488218194
5205,1,0.9505172800619375
5206,0,0.5078516636082668
5207,0,0.006801788315216083
5208,0,0.06261468732117517
5209,1,0.9034546702918019
5210,1,0.8167637767484468
5211,1,0.9440500359909296
5212,0,0.18817808383163498
5213,0,0.0947891867858645
5214,0,0.1477324369562401
5215,0,0.0860821964382534
5216,0,0.7698439474924912
5217,1,0.767778732611332
5218,0,0.11222701589075283
5219,0,0.08395829466040303
5220,0,0.009118437866136937
5221,0,0.0007693161727363851
5222,0,0.4523249639071082
5223,0,0.033224158888159785
5224,1,0.6482181268740748
5225,0,0.04894703498104181
5226,0,0.005445864611838996
5227,1,0.9046677618244678
5228,1,0.9504213380420148
5229,0,0.0212875320793693
5230,0,0.022389144378503027
5231,1,0.709108397504446
5232,1,0.4749756897027613
5233,1,0.8560972920260566
5234,0,0.15332851483465043
5235,0,0.6145651877912676
5236,1,0.9426074093100135
5237,0,0.00736605810142269
5238,0,0.0022742556870085076
5239,1,0.904115840728269
5240,0,0.07698640830385658
5241,1,0.9025697985209749
5242,0,0.10365281784822694
5243,1,0.9434015116898501
5244,0,0.08318628710552622
5245,0,0.004476278028057281
5246,0,0.038246709274260896
5247,1,0.8514784878897258
5248,0,0.07205187591002919
5249,1,0.5936051435994391
5250,0,0.025069243906847186
5251,1,0.8918774233643256
5252,1,0.8681511601185545
5253,1,0.8546982238513543
5254,0,0.023057591517711955
5255,1,0.9009612383296798
5256,0,0.004737401914139453
5257,0,0.4476691429251884
5258,1,0.8945815625414278
5259,0,0.06621924311671659
5260,0,0.14424750667231065
5261,0,0.003089936715628571
5262,1,0.6146480095497058
5263,0,0.16701494022440896
5264,1,0.6932628654561508
5265,0,0.012557106458513597
5266,0,0.03284281599686115
5267,0,0.31667388058844304
5268,0,0.005349247714599356
5269,0,0.14438536713579697
5270,0,0.7350951892701382
5271,1,0.8889645343182887
5272,1,0.7518379743090449
5273,0,0.06141226074101845
5274,1,0.8542006642856015
5275,1,0.8566231467790328
5276,1,0.8798713164308587
5277,1,0.9083736809704313
5278,0,0.4185504082988881
5279,0,0.5381485971608279
5280,0,0.009886194529383746
5281,0,0.4253509112912981
5282,0,0.4950295708572251
5283,0,0.027615412202640393
5284,0,0.013184096350630843
5285,0,0.08043705776630257
5286,0,0.002098380433171114
5287,0,0.05781669195493377
5288,1,0.4909817087278572
5289,0,0.05580085002037427
5290,0,0.1897906882756513
5291,0,0.46458671418683917
5292,1,0.7369308978756697
5293,0,0.01940811478896843
5294,0,0.07799023202656821
5295,0,0.3962572372945131
5296,1,0.6075538430927541
5297,0,0.06682130123664025
5298,1,0.6992668758034437
5299,0,0.7412002716892487
5300,0,0.5134064105576516
5301,0,0.11252152717970618
5302,0,0.2706383271136839
5303,1,0.8114638650592402
5304,1,0.07619638071629202
5305,0,0.4705278161387197
5306,0,0.0057259804093694475
5307,0,0.44586358172349144
5308,1,0.8327123198638425
5309,0,0.34716086995117423
5310,1,0.827681097355082
5311,1,0.9363219598933138
5312,0,0.7710193830836476
5313,1,0.9041857636178494
5314,0,0.30924416057821785
5315,0,0.033638381094096705
5316,0,0.10193393392562805
5317,0,0.7924544902605128
5318,0,0.30779049508029155
5319,0,0.037491758623673634
5320,1,0.9087074027081211
5321,0,0.003046748251202087
5322,0,0.005506835451082222
5323,0,0.09948359999088399
5324,0,0.14761568392906257
5325,0,0.9054303632323071
5326,0,0.01728270350470953
5327,0,0.23075603063183026
5328,0,0.16682459476015096
5329,0,0.4930813836677618
5330,1,0.8676549872822917
5331,0,0.026239199787024686
5332,0,0.00413189692426421
5333,1,0.8909332930784696
5334,0,0.0416264729010324
5335,1,0.6918720441820808
5336,0,0.07045223462963268
5337,0,0.06829360277945419
5338,1,0.9645656553181755
5339,1,0.6671745818603988
5340,1,0.8140212940131661
5341,0,0.09285335703331742
5342,0,0.0011736526940646656
5343,0,0.008584076210485559
5344,0,0.007664327706361885
5345,1,0.8695986846318171
5346,0,0.04883722234943176
5347,1,0.891308884005811
5348,1,0.5619016929433474
5349,1,0.9643767313141023
5350,0,0.8663146419976021
5351,1,0.7678907826130619
5352,0,0.00616437284251433
5353,0,0.0014954902493835684
5354,1,0.7656419788981339
5355,0,0.22117307784070414
5356,0,0.12977396890172455
5357,1,0.8094429201089353
5358,0,0.010133881977533642
5359,0,0.009377262071017052
5360,0,0.18099027977197021
5361,1,0.9148805745193422
5362,1,0.44733932018773204
5363,0,0.7021889799124698
5364,0,0.012302601321729492
5365,0,0.012110310037551628
5366,0,0.0030827166695735764
5367,0,0.0033810209976359307
5368,1,0.7566256415196231
5369,0,0.07274517153939734
5370,1,0.5902419569675506
5371,1,0.7262571063859724
5372,0,0.7798706569963969
5373,1,0.3220306099107059
5374,0,0.27109652577447485
5375,1,0.8411664043109032
5376,0,0.0208944634961166
5377,0,0.0017797805112977332
5378,0,0.029053459886248134
5379,0,0.009384572719378544
5380,0,0.009657531479227344
5381,1,0.6522635191824699
5382,0,0.006909308425205557
5383,0,0.05045226814904684
5384,1,0.5732595997703558
5385,1,0.960016579301933
5386,0,0.03012516031497769
5387,0,0.014806820174340408
5388,1,0.8306751533161519
5389,0,0.13365281939760984
5390,0,0.5597068150139258
5391,0,0.007051322807970436
5392,1,0.9170610546404103
5393,1,0.16637669609461767
5394,0,0.11353166985704079
5395,0,0.7832196608157815
5396,1,0.948303717497602
5397,0,0.6336810618008574
5398,1,0.7254139962212881
5399,1,0.8012939729957017
5400,1,0.8981286733143892
5401,0,0.2529141487401282
5402,1,0.8070892694478672
5403,0,0.6517285907429126
5404,0,0.03266456284487461
5405,1,0.9738017484157399
5406,1,0.9134060093723292
5407,0,0.044326460822220214
5408,1,0.9097245944764143
5409,0,0.006856652808193182
5410,0,0.08977172223041321
5411,1,0.9012757061180459
5412,0,0.007650926254441076
5413,0,0.020421911344684955
5414,0,0.008238881503645814
5415,0,0.009738939414946787
5416,1,0.9372615066141837
5417,0,0.545139172473392
5418,1,0.884332172244898
5419,1,0.6824051370228437
5420,1,0.592296571684201
5421,0,0.02255634231926125
5422,0,0.01693381489063593
5423,1,0.684076929234668
5424,0,0.015642387908164516
5425,0,0.007884285249204034
5426,0,0.03801175268724516
5427,0,0.00823946508545085
5428,0,0.03166435182879033
5429,0,0.27765927231997184
5430,0,0.008826188728631165
5431,1,0.280851476542198
5432,1,0.87577646237716
5433,0,0.14972827171686923
5434,0,0.005266871654548295
5435,0,0.08106709664593703
5436,0,0.8270537235434096
5437,0,0.050974973118403634
5438,0,0.00355375365669533
5439,0,0.4851905550072749
5440,0,0.8358618308334804
5441,0,0.8732731398988907
5442,0,0.12540167549476705
5443,1,0.8977790850992869
5444,0,0.025676298489577046
5445,0,0.004455432635282105
5446,0,0.4581327928040059
5447,0,0.034611105789229324
5448,0,0.06675526243909147
5449,0,0.00928424836558352
5450,0,0.026786670295156224
5451,1,0.8866742313022185
5452,0,0.0024924397824144843
5453,0,0.009246933009614591
5454,0,0.029429323775557414
5455,0,0.09004036500633252
5456,1,0.9469469856116476
5457,0,0.031334520784391515
5458,0,0.23021395758827615
5459,1,0.511392500817868
5460,0,0.6630736651367756
5461,1,0.6797022814389867
5462,1,0.7914298203122394
5463,0,0.04906630483450501
5464,0,0.003329359095682666
5465,0,0.18090344374222117
5466,1,0.8704935165863792
5467,1,0.5484830841343203
5468,0,0.8508926181751508
5469,0,0.007999039089941862
5470,0,0.01940939570975063
5471,0,0.019983034191079038
5472,0,0.061639957146585656
5473,0,0.2637111666063733
5474,0,0.004842465221246704
5475,0,0.11087408877804042
5476,0,0.6944608306696962
5477,1,0.698659471267778
5478,0,0.007946904387318154
5479,0,0.0036444647786355987
5480,0,0.1512235920027134
5481,0,0.002887612114877983
5482,0,0.017517579916325646
5483,1,0.9251989649041947
5484,0,0.017237530241530213
5485,1,0.9589192889528748
5486,0,0.009931023888521434
5487,0,0.22713918682992743
5488,1,0.44381152544185815
5489,0,0.07688797959891829
5490,0,0.22905174629396127
5491,0,0.04606094850025223
5492,1,0.9435076840325496
5493,0,0.004496624410505216
5494,0,0.10471167556990625
5495,0,0.047629590363362534
5496,0,0.32040209340292314
5497,0,0.06754221046333282
5498,0,0.05748517205293295
5499,0,0.042859842542991286
5500,1,0.5364930168442457
5501,0,0.018415797348776086
5502,1,0.9470404160157917
5503,0,0.4346998230685706
5504,0,0.02016233756945285
5505,0,0.47710806638852504
5506,1,0.9438511231628116
5507,0,0.8856685283440597
5508,1,0.9228487309118362
5509,1,0.7115917936356626
5510,0,0.469105364351998
5511,0,0.009675879415392418
5512,1,0.8533864461643796
5513,0,0.10975491489253089
5514,0,0.6179276999558383
5515,1,0.8981732390434447
5516,0,0.13488358275638082
5517,0,0.09948259685591301
5518,0,0.3860261625728344
5519,1,0.6686884483843734
5520,0,0.073585670510217
5521,1,0.9539886745940529
5522,0,0.7133862384828223
5523,0,0.06923977788329916
5524,0,0.021775257047597925
5525,1,0.8446106066318257
5526,0,0.003326981476662965
5527,0,0.13313384688631305
5528,0,0.01079046293016816
5529,1,0.9500539952093379
5530,0,0.4510498873421791
5531,0,0.006388762592004256
5532,0,0.8350487761036314
5533,0,0.009252121727873031
5534,1,0.8814639870838085
5535,0,0.010104440932231534
5536,0,0.004592729864424235
5537,1,0.549858468481256
5538,0,0.26871059532479036
5539,1,0.8966608035489573
5540,0,0.8522945267034769
5541,0,0.012326713541469993
5542,0,0.08704293418592082
5543,0,0.12009711215705607
5544,1,0.8851220847185982
5545,0,0.009647219772004643
5546,1,0.8761674147192835
5547,1,0.9643053415409972
5548,1,0.6687886727838783
5549,0,0.06586538036908557
5550,0,0.045138063505037726
5551,1,0.9661576093742811
5552,0,0.05891117228455285
5553,1,0.3962018693452714
5554,1,0.9364742608603173
5555,0,0.6577187734947376
5556,0,0.11907553091103329
5557,1,0.7801149863905895
5558,0,0.45061201635204007
5559,1,0.8593149313332353
5560,0,0.5083475692232885
5561,0,0.03544049926102745
5562,0,0.0696709961014523
5563,1,0.7975339765588355
5564,0,0.1799275785301105
5565,0,0.0766668483943119
5566,0,0.015671913346226658
5567,0,0.07675675417330462
5568,0,0.0174506940516009
5569,0,0.013098354141695322
5570,0,0.8335643804555031
5571,0,0.013904114955985933
5572,0,0.12043588761857722
5573,0,0.8431003743710301
5574,1,0.7920486603436206
5575,0,0.22488371224049858
5576,1,0.6490916247419343
5577,1,0.4983203180645892
5578,0,0.04961203485996379
5579,0,0.01895651665085476
5580,0,0.005284174349166562
5581,1,0.7080567755265837
5582,0,0.02448376327875927
5583,0,0.002841109698526819
5584,1,0.6666600814084119
5585,0,0.021940118319677498
5586,0,0.01149627685142467
5587,1,0.8872331290252671
5588,0,0.051312319929314835
5589,0,0.004099788116033862
5590,0,0.006918779997853319
5591,1,0.8995607025112549
5592,1,0.2794132081048146
5593,1,0.8917036965403555
5594,0,0.006570888521847973
5595,1,0.6982086139641805
5596,0,0.03143480193207702
5597,1,0.8957561718221642
5598,1,0.7023427343116434
5599,0,0.02201971201882958
5600,0,0.004144721136323772
5601,0,0.08509801607130468
5602,1,0.6792508639511935
5603,0,0.217673243063182
5604,0,0.25761970975882004
5605,0,0.022829268426054358
5606,0,0.007123702918556378
5607,1,0.8140362793323903
5608,1,0.6901518480018051
5609,1,0.8069524298382926
5610,0,0.29754743986175647
5611,1,0.8463340367018447
5612,1,0.8750330703956701
5613,0,0.007910008098980537
5614,1,0.8444047144618849
5615,0,0.016617718053811178
5616,0,0.003535449666993732
5617,0,0.881496435524617
5618,1,0.7347717654115129
5619,0,0.002322582190973967
5620,1,0.7586783093166978
5621,0,0.013539784783279617
5622,1,0.9381264415088574
5623,0,0.03524969019475947
5624,1,0.8624699251534836
5625,1,0.9283904437295342
5626,1,0.6655750153815987
5627,1,0.6556091447932156
5628,0,0.020802502622632914
5629,0,0.08261640848549975
5630,0,0.052582818509803494
5631,0,0.0191834052492168
5632,0,0.018225292190613675
5633,1,0.682154832067127
5634,1,0.7819626471146208
5635,1,0.9342077087904433
5636,0,0.005722563383136929
5637,1,0.9302077313766303
5638,1,0.8360694414450707
5639,1,0.6485970115748643
5640,0,0.005726894524237782
5641,1,0.7987454145849434
5642,0,0.2931281219997101
5643,0,0.7695698235423464
5644,1,0.9624311104802797
5645,0,0.5903294549022563
5646,0,0.00848985447213221
5647,0,0.15385248806324528
5648,0,0.04098233176294185
5649,1,0.7096293706457514
5650,0,0.012204010554782103
5651,1,0.9196069499940509
5652,1,0.9365036614537374
5653,0,0.2699128039045092
5654,0,0.5626821541075496
5655,1,0.5443413950459784
5656,0,0.7544930956151946
5657,0,0.007299234993348419
5658,1,0.8027536694376888
5659,0,0.014070687537677155
5660,1,0.12551235798376836
5661,0,0.5869502632115373
5662,0,0.1347441577197771
5663,1,0.4835943001374085
5664,0,0.08892190650246844
5665,0,0.006136440771134478
5666,1,0.23001808416640607
5667,0,0.03759383754922187
5668,0,0.015516221212814712
5669,1,0.5051018621402106
5670,0,0.17553996835778973
5671,0,0.10381974665579606
5672,0,0.03583175858970751
5673,0,0.02085119069880026
5674,0,0.011424680730806509
5675,1,0.7973929817118112
5676,1,0.833462072356128
5677,0,0.14436318001624315
5678,1,0.7163273229722553
5679,0,0.030278639464092955
5680,0,0.18212001300328212
5681,1,0.9606105005006477
5682,0,0.2048116776099968
5683,0,0.5231485675472777
5684,0,0.2775625027895794
5685,1,0.90942549139063
5686,0,0.0067614402663741646
5687,0,0.024298948960092236
5688,1,0.8552433360097316
5689,0,0.021844266990255216
5690,0,0.005632510833939838
5691,0,0.006265488841157408
5692,0,0.0017608920695665494
5693,0,0.009333354414456744
5694,0,0.06829543977104335
5695,0,0.007739066632863903
5696,0,0.010861156020239928
5697,0,0.7164327079005723
5698,1,0.6983621452682608
5699,1,0.8543520167369674
5700,0,0.7581096843124515
5701,0,0.6858570197596275
5702,0,0.293953782322931
5703,1,0.72746633196939
5704,0,0.14727595612830532
5705,0,0.015516115389553647
5706,1,0.672708727742057
5707,0,0.002363463429652268
5708,1,0.6375730948838036
5709,0,0.6312930475126202
5710,1,0.9612302221587541
5711,0,0.3972725979119065
5712,1,0.888585247804464
5713,1,0.7591221403449251
5714,1,0.8949719603105644
5715,1,0.9014638493714782
5716,0,0.3466231321654657
5717,0,0.051525692328000625
5718,0,0.19958992606606307
5719,0,0.0996100809718986
5720,0,0.023575773752636572
5721,1,0.8430146089433909
5722,0,0.031569146607314455
5723,0,0.001548793909855101
5724,1,0.7096434872813835
5725,1,0.9609240631815896
5726,1,0.8440911054458458
5727,1,0.32016416093415717
5728,0,0.003961185427009605
5729,0,0.03403965704123713
5730,1,0.880180201183507
5731,0,0.03562138976038526
5732,0,0.0015356774117834058
5733,0,0.018395783993500885
5734,1,0.7582445558024904
5735,0,0.002164631451906529
5736,0,0.05302312891887446
5737,1,0.7165313177271633
5738,0,0.18589448855662086
5739,0,0.08151936308817796
5740,0,0.0833098242113037
5741,0,0.018367159803211873
5742,0,0.8145786057499014
5743,0,0.03527044476577351
5744,0,0.01508886079434862
5745,0,0.03812847022469415
5746,0,0.7329529633829897
5747,0,0.005437155328932184
5748,0,0.4120228751292022
5749,0,0.098200069765362
5750,0,0.8844888800103864
5751,0,0.011017527331056504
5752,1,0.8207178543209553
5753,0,0.13442760299928536
5754,0,0.09564116370963029
5755,0,0.12198679811162588
5756,1,0.8590603470987268
5757,0,0.051464921715873996
5758,1,0.9663911969930579
5759,1,0.7211304941396449
5760,0,0.07571786406829832
5761,0,0.16203360588479496
5762,1,0.7654555516077004
5763,0,0.009354829698607589
5764,0,0.7374877363312635
5765,1,0.8255980381257707
5766,0,0.039225289177141895
5767,0,0.256547792969874
5768,0,0.003879921083848269
5769,0,0.16248607652423028
5770,1,0.7549491526429932
5771,0,0.020140135550128592
5772,0,0.006617413561835712
5773,0,0.030978489013382092
5774,0,0.22475595688694644
5775,0,0.09932863479185992
5776,0,0.0015781875986417599
5777,0,0.09882185873014078
5778,0,0.016732739185201365
5779,0,0.04034320140874219
5780,0,0.06995313807631912
5781,0,0.1839469385280771
5782,1,0.9093912761980723
5783,0,0.03735386591298114
5784,0,0.529529502052421
5785,0,0.05698624071174939
5786,1,0.7223298631141676
5787,0,0.014030868623252406
5788,0,0.05998330931113616
5789,1,0.8613771271798741
5790,0,0.0015536122156922345
5791,1,0.8867713945255687
5792,1,0.9307560109312352
5793,0,0.012813211746240092
5794,0,0.030686877483628118
5795,1,0.916028398010927
5796,0,0.26012471338846493
5797,0,0.008321969559546397
5798,0,0.0016356701355205753
5799,0,0.03595712676333303
5800,0,0.23400414360312818
5801,0,0.003221756958198238
5802,1,0.6425763341985947
5803,0,0.02249563242722707
5804,0,0.0045175543899874625
5805,0,0.005137835378702604
5806,0,0.7255417990241492
5807,1,0.9184560494192314
5808,0,0.3022170873682891
5809,0,0.011094761160316597
5810,1,0.8558285034870222
5811,1,0.8176501913689653
5812,1,0.7530578994621563
5813,1,0.8197478200131931
5814,1,0.7172190614250833
5815,1,0.9309356095786494
5816,1,0.3466143826527729
5817,1,0.8010934025697578
5818,1,0.9263043343595022
5819,1,0.8760611227034537
5820,0,0.47302662043812127
5821,1,0.8726487907363005
5822,0,0.011600029387312994
5823,0,0.06568629092967214
5824,0,0.4493313137039039
5825,1,0.9544399714763596
5826,0,0.6872505545400047
5827,0,0.4932531475191072
5828,0,0.18305294550554257
5829,0,0.027448877155944733
5830,0,0.008665731536196453
5831,1,0.5460333466169508
5832,0,0.05456551574287914
5833,0,0.056685682709538124
5834,0,0.7576420022473158
5835,0,0.10964718324188581
5836,0,0.06874995413485663
5837,0,0.01124752778160681
5838,0,0.06714098485213986
5839,1,0.8755068999262625
5840,0,0.017448938873732785
5841,1,0.2179813016695608
5842,0,0.053613563031545894
5843,0,0.7226168703057395
5844,0,0.015014089734182797
5845,0,0.006851934535392469
5846,1,0.9055922352671602
5847,1,0.10315147920793692
5848,0,0.022180097581158763
5849,0,0.05340969327073973
5850,0,0.7521671270050918
5851,1,0.9562367937665514
5852,1,0.6783538088932459
5853,1,0.7287937080077986
5854,1,0.9619477749035051
5855,1,0.7372204091217535
5856,1,0.923555734754667
5857,0,0.007077565183236836
5858,1,0.8813131356361547
5859,0,0.1337581193192287
5860,0,0.05409609103229283
5861,1,0.7802186078002241
5862,1,0.9479795261387456
5863,0,0.030755206009530266
5864,0,0.008206513903309343
5865,0,0.06295039765788159
5866,1,0.869383402022714
5867,1,0.4912283084148354
5868,1,0.9596417826689796
5869,0,0.055103018445512686
5870,1,0.8569468481956155
5871,0,0.07849928600164524
5872,1,0.9467604787456517
5873,1,0.8903073624185701
5874,0,0.01265704027687801
5875,1,0.8837625790425103
5876,1,0.7533455614531864
5877,0,0.003577723488587555
5878,0,0.07913770990525401
5879,0,0.17094882930250238
5880,0,0.6791244451027175
5881,0,0.016993378046431577
5882,0,0.03139412721321665
5883,0,0.012455335633829332
5884,0,0.025191753875441238
5885,0,0.4607307318709708
5886,1,0.5848695202339971
5887,1,0.9415678295034874
5888,1,0.8391004430406153
5889,0,0.9391803793092353
5890,1,0.9683897151354772
5891,1,0.9549836781705978
5892,1,0.8778449574355697
5893,0,0.1509959397190347
5894,1,0.7076908482493017
5895,0,0.002010586614238399
5896,0,0.000958555182762357
5897,0,0.008879969580512868
5898,0,0.00445805377633403
5899,0,0.0030799057462406747
5900,1,0.2536856817569801
5901,0,0.0037730515577885653
5902,0,0.011811970352946528
5903,0,0.0364309623835756
5904,1,0.9561294406601911
5905,1,0.738285322786383
5906,1,0.9375407089073831
5907,0,0.03752663556871344
5908,0,0.7173322525668367
5909,1,0.8744120930805418
5910,0,0.4017869723728115
5911,1,0.8624888699556884
5912,1,0.9815672153199732
5913,0,0.18871617616912967
5914,0,0.39973884190443715
5915,0,0.016968965746547125
5916,0,0.008032354169669898
5917,1,0.9688757341505922
5918,1,0.7522143507666461
5919,0,0.09061514920176089
5920,0,0.06027213721081675
5921,1,0.9061509866214922
5922,0,0.003557626551609757
5923,0,0.5692003621596827
5924,1,0.7123767559829588
5925,0,0.1968071765564028
5926,0,0.06357340169676404
5927,1,0.6903815011172204
5928,0,0.00882667622331126
5929,0,0.12540515541109898
5930,0,0.07007409122243527
5931,0,0.11533474265287012
5932,1,0.6528403521881058
5933,1,0.5670434401155767
5934,0,0.008862841221803891
5935,0,0.16677348148552235
5936,0,0.4069783285792602
5937,0,0.309906826883552
5938,1,0.760303467272502
5939,0,0.0718740921020709
5940,0,0.0009261967304310533
5941,0,0.00786426483563462
5942,1,0.8383304159739191
5943,0,0.017269561625410795
5944,0,0.017283278315622312
5945,0,0.011136528647230446
5946,0,0.1892084841359587
5947,0,0.16862321254581486
5948,1,0.44248926626828283
5949,0,0.2828529552267138
5950,0,0.02121383363887868
5951,0,0.049452272295922875
5952,0,0.8292714402648055
5953,0,0.0040989301822373985
5954,0,0.11856403437347608
5955,1,0.6773403108781079
5956,0,0.07326632117994336
5957,1,0.9233957859113296
5958,0,0.2579370043954203
5959,1,0.8323092954980957
5960,0,0.5256871524058002
5961,1,0.744074397826272
5962,0,0.02490025926679764
5963,1,0.45689945000597
5964,1,0.8272041530864689
5965,0,0.05413214948119227
5966,1,0.6265750307819623
5967,1,0.7377576868872264
5968,1,0.284174169110047
5969,0,0.36607620038097477
5970,0,0.8634665228067949
5971,0,0.27558923603026714
5972,1,0.9675033067206091
5973,0,0.18177635303203526
5974,0,0.003209228830344922
5975,1,0.8269475571060132
5976,0,0.2751284411817863
5977,0,0.12686590845048104
5978,0,0.006862744520473784
5979,1,0.6889340590824745
5980,0,0.010787064471271961
5981,0,0.0027953491577146707
5982,1,0.7682861299471931
5983,1,0.8385005935178491
5984,0,0.13190031004798297
5985,1,0.8564988794806765
5986,0,0.014073454232911387
5987,0,0.0414499936408143
5988,0,0.6260505885120398
5989,0,0.05218244597799801
5990,0,0.030853191755370095
5991,0,0.5285012650698827
5992,0,0.8959524742242926
5993,0,0.11741150137187881
5994,0,0.004306861598881294
5995,1,0.3917206771982814
5996,0,0.02912266366129699
5997,0,0.09451405850157592
5998,0,0.24119561529027544
5999,1,0.5375542929423202
6000,1,0.5228296784327988
6001,1,0.813805991425415
6002,1,0.9113918744742613
6003,0,0.6879742113259275
6004,1,0.5358996888007603
6005,0,0.006989903938471986
6006,0,0.004515147018649777
6007,0,0.24120036599268554
6008,0,0.027011796527247913
6009,0,0.16902030556305864
6010,0,0.023770783692985263
6011,0,0.0023469786840959912
6012,0,0.10599853425740102
6013,0,0.003178761457161331
6014,1,0.09934950928196001
6015,0,0.049527959707663695
6016,0,0.2394386227118256
6017,0,0.02437181383652217
6018,0,0.12583107079624115
6019,1,0.8167140785303684
6020,0,0.6557991958590803
6021,0,0.008586838705300057
6022,0,0.6488847494727179
6023,1,0.9343271331909923
6024,1,0.8999064453828531
6025,0,0.3289191356437765
6026,0,0.1287297042457054
6027,0,0.26000397938316433
6028,0,0.008704412098053206
6029,0,0.8567946877710366
6030,1,0.8112905448153382
6031,1,0.8086301857295195
6032,0,0.001972692980680966
6033,0,0.08726393421332548
6034,0,0.026204339775224426
6035,0,0.046560710175414244
6036,0,0.08944557737995906
6037,1,0.8001232075125182
6038,0,0.015670101643107556
6039,0,0.08777789454210341
6040,1,0.8736654967799201
6041,0,0.07946461480548224
6042,1,0.9264368240359182
6043,0,0.18418745619641416
6044,0,0.12216259019140138
6045,0,0.009115210827867534
6046,0,0.25780631457848074
6047,0,0.3367597525160238
6048,0,0.03290463805640945
6049,0,0.7120080629268454
6050,0,0.5474196616909812
6051,0,0.22103094286281405
6052,0,0.8789225994993846
6053,1,0.8336248696620004
6054,0,0.004670995984814092
6055,1,0.9446316125014133
6056,0,0.011418775629905245
6057,0,0.30587028601977245
6058,0,0.1776776952528039
6059,1,0.854686669924635
6060,0,0.040279802666325616
6061,0,0.011776409695610205
6062,0,0.017014075446682472
6063,0,0.2412202951663599
6064,0,0.009334257891820352
6065,0,0.19159544991341798
6066,0,0.5989950646727269
6067,0,0.0031605184787329306
6068,1,0.903582571265886
6069,1,0.3257484795834836
6070,1,0.2122731220049674
6071,0,0.04245196151846355
6072,1,0.8577745142999307
6073,0,0.7520251888907947
6074,0,0.003907170820558445
6075,0,0.2459493330700953
6076,0,0.015162145426716945
6077,0,0.3042755894044465
6078,1,0.7149492839663052
6079,0,0.9102944183591445
6080,0,0.005121281274304817
6081,0,0.7780553529517796
6082,0,0.6889374671414228
6083,0,0.00373139062484761
6084,1,0.8517725463281403
6085,1,0.7904689168098449
6086,0,0.010260305048443977
6087,0,0.019785167250774383
6088,0,0.005934341086260107
6089,0,0.010361819490871633
6090,1,0.3536903780612909
6091,0,0.19066000679395365
6092,0,0.2893953672224266
6093,1,0.5745614083889755
6094,0,0.028760387638473127
6095,0,0.004685162964282131
6096,1,0.9114708729932117
6097,0,0.008255911901273408
6098,1,0.8422078986559265
6099,0,0.00961889755391149
6100,0,0.7696332401832326
6101,1,0.9274312597198181
6102,0,0.0028800948500236944
6103,0,0.8503927489835466
6104,1,0.786757455941986
6105,0,0.09623711097026309
6106,0,0.12218590861369827
6107,0,0.04959355040039041
6108,0,0.05856480969201937
6109,1,0.7707929866604047
6110,0,0.2899866971919278
6111,1,0.9172755986305072
6112,0,0.03195415226444671
6113,0,0.0029854837044181143
6114,1,0.5937059911969234
6115,0,0.007715271994701664
6116,1,0.7607318224476698
6117,1,0.9458635808714146
6118,0,0.035491883850059386
6119,0,0.0014951237279600684
6120,0,0.006619587631570742
6121,0,0.0044711894956608045
6122,0,0.2827546253844575
6123,0,0.0040642138091036145
6124,1,0.3789020164917525
6125,1,0.670009836328243
6126,0,0.007875534115560445
6127,1,0.7730597900418728
6128,0,0.003067742448851364
6129,0,0.013807854886552402
6130,0,0.07248026729475626
6131,0,0.01683854867800476
6132,0,0.010400480294041684
6133,0,0.277809535409211
6134,1,0.9571592095776835
6135,0,0.35333438579999915
6136,1,0.8715429597802821
6137,0,0.0007250164164987166
6138,0,0.012130159262579184
6139,1,0.8587979782539559
6140,1,0.9620735819503575
6141,0,0.326060998646199
6142,0,0.862102827864779
6143,1,0.7964099576826286
6144,1,0.9785763020197139
6145,0,0.004534389583207166
6146,0,0.6032851523395111
6147,0,0.03866937760480034
6148,1,0.9303439636907916
6149,0,0.019482755437410425
6150,0,0.10268543192326712
6151,0,0.11554027496943363
6152,0,0.041266378720188415
6153,0,0.0006557295019400683
6154,0,0.0022443446064170725
6155,1,0.8786889742971089
6156,1,0.8492227423811278
6157,1,0.9746707063090275
6158,0,0.2187095810994244
6159,0,0.016490865630786705
6160,1,0.8217366093896459
6161,0,0.0013257342318219573
6162,0,0.055937197775622706
6163,0,0.028507544119041186
6164,0,0.003948560988831375
6165,0,0.021863650423893537
6166,1,0.7138374107015828
6167,1,0.9522854396056155
6168,0,0.007818845210750163
6169,0,0.049728063647953666
6170,0,0.03133967671562845
6171,0,0.005183004696095193
6172,0,0.014216554199277876
6173,0,0.24071346667110638
6174,1,0.5114802408502472
6175,1,0.602129225529905
6176,0,0.006689665272768991
6177,1,0.7311808761121599
6178,0,0.0008320011932397692
6179,1,0.8350097547932842
6180,1,0.8749169734049037
6181,1,0.04810241531957638
6182,0,0.07225526010887696
6183,1,0.8960621135696358
6184,0,0.25328708681562717
6185,0,0.004945506907019839
6186,0,0.31193133658747046
6187,0,0.3046937786906224
6188,0,0.0687235624729452
6189,0,0.5059502883582043
6190,0,0.0017578546712877976
6191,0,0.035807221394102355
6192,0,0.0018317840909010624
6193,1,0.8075586826228702
6194,0,0.10402446905764759
6195,0,0.011082545972646317
6196,0,0.004895754488086974
6197,1,0.7891155217830363
6198,0,0.004356191815861488
6199,0,0.6931208731739806
6200,0,0.019826743955959566
6201,0,0.0016637510896895687
6202,0,0.011046861407556657
6203,1,0.9332418743732783
6204,0,0.0052212957119317435
6205,0,0.004294192655027781
6206,0,0.022338827285417206
6207,1,0.9508182513768582
6208,1,0.6325020383953659
6209,0,0.2907374900475005
6210,1,0.8914079375710853
6211,0,0.11173900904397141
6212,0,0.19057668598435476
6213,0,0.0912363451339327
6214,1,0.9044888389100617
6215,1,0.7517867595201168
6216,1,0.8504663050416682
6217,0,0.8542773146901772
6218,0,0.03544502884295102
6219,1,0.8412515658104003
6220,0,0.01861964775339376
6221,1,0.6030140756884395
6222,0,0.006589225804789989
6223,0,0.009367822906674298
6224,1,0.9164110019182383
6225,0,0.0323278345183937
6226,0,0.31252751467923306
6227,0,0.058325853152315664
6228,1,0.8524753685207576
6229,0,0.024850658028445688
6230,1,0.8875791517538794
6231,1,0.9682659489367504
6232,0,0.6214107539397755
6233,0,0.017296119064749538
6234,1,0.806876944343466
6235,0,0.006967400950924244
6236,0,0.004106947183484047
6237,0,0.13711180736101125
6238,1,0.8513998410684801
6239,0,0.00867609435789023
6240,1,0.6348053763448199
6241,1,0.8952752685728572
6242,1,0.3147619369747285
6243,0,0.15022747726149513
6244,0,0.45829578088892897
6245,0,0.8410795839705065
6246,0,0.362194195640669
6247,0,0.19828673555767526
6248,1,0.8289273190121124
6249,0,0.05831800592636982
6250,0,0.1341214355182937
6251,1,0.6456051083191561
6252,1,0.7582917017856239
6253,0,0.0015743759657711296
6254,0,0.031041180612758932
6255,0,0.1775932641828155
6256,0,0.16098698708854492
6257,0,0.18416525002235679
6258,1,0.6299757677399594
6259,0,0.48536571992706
6260,1,0.8009736133855275
6261,0,0.022952702438455177
6262,1,0.8430411343182335
6263,1,0.9267700279157657
6264,0,0.19473091316971347
6265,0,0.045456871312162854
6266,0,0.009541326512750224
6267,0,0.49340831164829413
6268,0,0.016133516242023697
6269,1,0.3443685067957341
6270,0,0.03805230035001382
6271,0,0.0034044405401394075
6272,0,0.5884141659145832
6273,1,0.790673743124987
6274,0,0.7257547372041977
6275,1,0.8930145650714756
6276,0,0.30419364526785286
6277,0,0.40608882269926666
6278,0,0.027852563323258785
6279,0,0.024553112848663565
6280,1,0.9215955416074642
6281,1,0.9235506004490148
6282,0,0.10715523425113846
6283,0,0.022395450884905466
6284,1,0.372740484170424
6285,0,0.04230481533652308
6286,0,0.003747026898549747
6287,0,0.014138404550676862
6288,0,0.06670394536162283
6289,0,0.0750987904203174
6290,0,0.22548238809534216
6291,1,0.8323834230314208
6292,1,0.6848370067315473
6293,1,0.35009507516928035
6294,0,0.1311762062882693
6295,0,0.04801447567933184
6296,0,0.10909690625324826
6297,0,0.005333029177217811
6298,0,0.01365122916534867
6299,0,0.009480530065535153
6300,0,0.018398532549349044
6301,0,0.2453786415702091
6302,0,0.006426907643262385
6303,0,0.03276387746781733
6304,0,0.013738437673229763
6305,1,0.9019875637319531
6306,0,0.5942627751720556
6307,0,0.18988143171384395
6308,0,0.2606396017998808
6309,1,0.877350435435962
6310,0,0.4193854940128825
6311,1,0.967318560662487
6312,1,0.47659007487309296
6313,0,0.7096049993751968
6314,0,0.005268780818866832
6315,0,0.007218784260248072
6316,0,0.023220707023479673
6317,0,0.01484310843448144
6318,0,0.5177697280680379
6319,1,0.9271731680354904
6320,0,0.012268140352309534
6321,0,0.3450849449770526
6322,1,0.9228987575626104
6323,0,0.455045933276542
6324,0,0.03207776084430488
6325,0,0.016118186374873625
6326,1,0.4654885028929198
6327,0,0.015189745004974982
6328,0,0.5219989529767469
6329,0,0.011190488263141153
6330,0,0.3652054591756857
6331,0,0.09026856088890493
6332,1,0.8403524270757738
6333,0,0.0047598204405867265
6334,1,0.1678276183146512
6335,1,0.9491413790215795
6336,0,0.11029979136079245
6337,0,0.006196948688970855
6338,1,0.7299551492402113
6339,0,0.056469136911474586
6340,1,0.8567595082564591
6341,0,0.01880678669310819
6342,1,0.9161831308805444
6343,0,0.053981857273768176
6344,1,0.7611157472411292
6345,0,0.0010451195011085032
6346,0,0.05396214982347411
6347,1,0.8164653497898833
6348,1,0.9109871860084584
6349,0,0.03002139542705106
6350,0,0.007098161732919907
6351,0,0.037290196627683174
6352,1,0.7797342282287718
6353,0,0.00965337951125348
6354,0,0.0012016916814033818
6355,1,0.7954763564757629
6356,1,0.8236117859290116
6357,1,0.5003230163095765
6358,1,0.5367205333953009
6359,1,0.9180986651105216
6360,1,0.869447281848962
6361,1,0.5603267362690969
6362,0,0.9115467371181603
6363,0,0.23380998115556706
6364,0,0.0034779374797661205
6365,1,0.5623455573628471
6366,0,0.03490155009367385
6367,0,0.4159385868676552
6368,1,0.7823129904140207
6369,0,0.6519494218774886
6370,1,0.91698003853434
6371,1,0.6711962812159044
6372,0,0.01962528267840672
6373,0,0.0013432510667082808
6374,0,0.30346756374694156
6375,0,0.1114571599796288
6376,0,0.3946804963579649
6377,0,0.027737607054193356
6378,0,0.007115951340356449
6379,0,0.04536320867990304
6380,0,0.3702306135326934
6381,0,0.018695260140360388
6382,1,0.9257813726648825
6383,0,0.031265430827824646
6384,1,0.5443113359949641
6385,0,0.003238141004843087
6386,1,0.9008278929904358
6387,1,0.8883088166592547
6388,0,0.17297904499836478
6389,0,0.5351879578572303
6390,0,0.905533554458665
6391,0,0.7543771350139293
6392,1,0.6438304394642282
6393,0,0.08762350688066954
6394,0,0.003793347073597557
6395,0,0.6480609899344272
6396,0,0.013875949042418874
6397,0,0.007882353024558251
6398,1,0.6757760301770914
6399,0,0.12791980746501222
6400,0,0.7265461263647092
6401,0,0.14041102245803602
6402,0,0.024939082046874277
6403,0,0.0011006025829513814
6404,0,0.00479718941456476
6405,0,0.3370696672139485
6406,0,0.05002747733764423
6407,1,0.9504397618855162
6408,0,0.09189273563674791
6409,0,0.00968644969537636
6410,0,0.0028726436671753187
6411,0,0.018503714751808644
6412,0,0.33344532613609007
6413,0,0.2777494654056596
6414,0,0.013716667459638048
6415,0,0.057400050161112603
6416,0,0.228856782629444
6417,1,0.5725496933165195
6418,0,0.12214841719073113
6419,1,0.6301981355865711
6420,0,0.032984987933247695
6421,1,0.9485031332047235
6422,0,0.02060414219728371
6423,1,0.8187560958210572
6424,0,0.00700941367964626
6425,1,0.9473973644024145
6426,1,0.8527889293596826
6427,1,0.8364029444870217
6428,1,0.9045966496237487
6429,0,0.004628039955437438
6430,0,0.05501504059990268
6431,0,0.0912539432695749
6432,0,0.001112783729887102
6433,0,0.012510794433854833
6434,0,0.027003274271811747
6435,1,0.9176154776096465
6436,0,0.48719269141664
6437,0,0.5597789522698465
6438,0,0.051015811748477226
6439,0,0.08090065199545834
6440,1,0.6605704166556328
6441,1,0.7919503519265196
6442,0,0.9430843805357411
6443,0,0.21490248024537717
6444,1,0.8738739832183645
6445,0,0.16675186177700096
6446,1,0.9217938055599171
6447,0,0.0029048401025315177
6448,1,0.9193967828722565
6449,0,0.649719304876556
6450,1,0.8436132900070308
6451,1,0.9117741532727821
6452,0,0.06376204548109528
6453,1,0.652855452227739
6454,0,0.17193919091026633
6455,0,0.005640886562539225
6456,0,0.8686509975147281
6457,0,0.02538477098095171
6458,0,0.009856742829183949
6459,0,0.18055918977750682
6460,0,0.03585560888113803
6461,0,0.6364907308653464
6462,0,0.8944732173238881
6463,1,0.5906524778019784
6464,0,0.1223175633022848
6465,0,0.20350361694907076
6466,1,0.9551612078828889
6467,0,0.0005051555412409224
6468,0,0.01226510710649252
6469,0,0.22642582093457847
6470,1,0.8934777265935331
6471,0,0.43196544333330783
6472,0,0.56136833900503
6473,1,0.814548020307698
6474,0,0.9171771431884455
6475,1,0.7465920201824885
6476,1,0.8319513520917566
6477,0,0.356918521211104
6478,0,0.4809981032680287
6479,0,0.10559455673912571
6480,0,0.004025601800739631
6481,0,0.018348514052913795
6482,0,0.967492101179451
6483,0,0.05130609430526825
6484,0,0.005017092593124068
6485,0,0.005698388330704661
6486,1,0.8779438852724464
6487,1,0.7385286146170996
6488,0,0.03529051079894428
6489,0,0.12370533716224072
6490,0,0.024110442968354538
6491,1,0.778135110587628
6492,1,0.7983367659421297
6493,0,0.015440384872369272
6494,0,0.825586839395264
6495,0,0.2459782027250908
6496,0,0.009082464850964783
6497,0,0.04057189200463848
6498,1,0.8849325540420327
6499,1,0.8875513979401044
6500,1,0.9052012973307247
6501,1,0.7725189212209292
6502,0,0.010896391131366989
6503,0,0.7146326380969882
6504,0,0.001766210289143365
6505,1,0.7757992765168488
6506,0,0.07468810831975126
6507,0,0.3515916435652493
6508,1,0.7566031951007319
6509,0,0.029945339407331795
6510,0,0.03554460040083887
6511,0,0.2114998937109052
6512,1,0.8950277924875444
6513,0,0.8901896879699305
6514,0,0.02544837547518796
6515,0,0.03218428857931643
6516,1,0.8839501986401306
6517,0,0.037275260479216484
6518,0,0.08258491670392076
6519,0,0.5632605788483633
6520,1,0.8800502366729043
6521,0,0.7335458381654678
6522,1,0.7456695109213831
6523,0,0.04357330487865929
6524,0,0.006507826791752566
6525,1,0.7113610746863328
6526,0,0.002064216401021167
6527,0,0.09186653186490132
6528,1,0.9211292259533511
6529,0,0.01763926701612362
6530,1,0.9430577278564064
6531,0,0.007035679130510215
6532,1,0.7359282294404732
6533,0,0.7379723141061338
6534,0,0.0020309165145685967
6535,1,0.9820306875003914
6536,0,0.003744534500703854
6537,1,0.801185866341516
6538,1,0.7769942766893508
6539,0,0.008844963698847914
6540,0,0.15943907760307846
6541,1,0.7187567351572622
6542,0,0.5867391498732506
6543,1,0.27771227134838833
6544,1,0.9209796138482896
6545,0,0.04292642715206753
6546,1,0.8288248658495936
6547,0,0.08865149069400963
6548,0,0.07499608786925947
6549,0,0.045491568848149824
6550,0,0.08616442846500613
6551,1,0.8619147890698406
6552,1,0.9354949337962866
6553,1,0.289249298601263
6554,1,0.882594956923565
6555,0,0.43375424932105205
6556,1,0.8568825483008142
6557,0,0.6583080294536536
6558,1,0.8035485086744587
6559,0,0.8665770699751831
6560,0,0.10810979575159468
6561,1,0.864410096687158
6562,1,0.7445050932855842
6563,0,0.17431083413195764
6564,1,0.9361847812146857
6565,0,0.4902376209536422
6566,1,0.6828018071517106
6567,1,0.9210922813521599
6568,0,0.937325916108406
6569,0,0.9673081554539574
6570,0,0.5869234550656989
6571,1,0.9654627450461404
6572,1,0.9060000331491977
6573,1,0.8652538676097095
6574,0,0.46652322943212715
6575,0,0.0125993605050761
6576,0,0.014123856375031045
6577,1,0.14071690042175874
6578,0,0.10481537464170707
6579,0,0.024332828708508412
6580,0,0.07031570621355898
6581,0,0.06278234626591088
6582,0,0.02660266224315713
6583,0,0.005784667897946247
6584,0,0.009149770407797651
6585,1,0.8510809576539368
6586,1,0.9296775812826422
6587,1,0.6392730781258287
6588,0,0.009532560944702412
6589,1,0.8695761087422681
6590,0,0.8503277363763942
6591,1,0.8720654775024386
6592,0,0.005385534112786411
6593,0,0.06533218016881828
6594,0,0.5683878767271433
6595,0,0.32793491835510413
6596,0,0.08148004048830547
6597,1,0.8804943845781024
6598,1,0.8279689003610178
6599,1,0.16172491510510878
6600,0,0.009685001614891746
6601,1,0.9521495919945983
6602,0,0.009905672088767555
6603,0,0.07279018611627444
6604,1,0.8768721128045437
6605,1,0.9057233707756589
6606,0,0.02252514648797192
6607,0,0.005930750643864103
6608,0,0.015190923299126163
6609,0,0.00277559494006738
6610,0,0.13435123217582665
6611,0,0.17891734540565157
6612,0,0.024622233957181328
6613,0,0.8751673610378773
6614,0,0.035455439554844474
6615,0,0.3959411418927756
6616,0,0.005764074211466755
6617,0,0.003001539156952866
6618,0,0.02192767744761491
6619,0,0.007912803028810972
6620,1,0.8335978421375808
6621,0,0.12633791236616188
6622,0,0.8521795370322532
6623,0,0.0017586918874834215
6624,1,0.8329502125130832
6625,1,0.8363731490785635
6626,0,0.04347850014587055
6627,0,0.023134724806046506
6628,0,0.0019144883089918326
6629,0,0.19427495615135554
6630,0,0.03594312642752164
6631,0,0.013326394045307593
6632,0,0.01712948779684066
6633,1,0.9316384572597153
6634,0,0.0315481167517941
6635,0,0.20041214804425067
6636,0,0.016228578544028538
6637,1,0.9123528903224452
6638,0,0.16467029884079254
6639,0,0.057781321305407626
6640,1,0.8858612935097278
6641,0,0.5750492067532676
6642,0,0.13743676743937627
6643,1,0.9691890802293257
6644,0,0.008095535889856977
6645,0,0.16592831676296216
6646,0,0.056994697276709375
6647,0,0.007023594776161004
6648,1,0.8894965809371854
6649,0,0.016047114785294934
6650,1,0.8867587565122445
6651,1,0.6079645507003545
6652,1,0.7976835779670347
6653,0,0.01715780681039611
6654,1,0.9233084343875846
6655,1,0.962087776778495
6656,0,0.012848061512323313
6657,1,0.8910205028286045
6658,0,0.5922584226584691
6659,1,0.5930604639434164
6660,0,0.16953680315236555
6661,1,0.03762415399166694
6662,1,0.5677011575573365
6663,0,0.009814886902973205
6664,1,0.8817759549069957
6665,0,0.06772479072148953
6666,1,0.6125462789312418
6667,0,0.11695752069064459
6668,1,0.9449074982813672
6669,0,0.3694208069575896
6670,0,0.0014875172655616311
6671,1,0.8303684398836132
6672,1,0.9644708036774614
6673,0,0.015341635269564773
6674,0,0.045398854628005136
6675,0,0.19861209522636875
6676,0,0.0034254877691757757
6677,0,0.013091761065135704
6678,0,0.060267679821376284
6679,1,0.2891875170796081
6680,1,0.8558028862027746
6681,0,0.09643341740453938
6682,0,0.6028248033159285
6683,1,0.445233994275826
6684,0,0.013493607714926789
6685,1,0.7779889106011031
6686,0,0.009507575744147982
6687,1,0.06566137584839651
6688,0,0.0544407798896194
6689,1,0.699214683807489
6690,1,0.7619254286939892
6691,1,0.9484315670704798
6692,1,0.7198508459116261
6693,0,0.6009576956306171
6694,1,0.9121567917318986
6695,0,0.7344675826861007
6696,0,0.1346052780670471
6697,0,0.0024032233118571455
6698,1,0.93208956417684
6699,1,0.8352713082754798
6700,0,0.006445393287439449
6701,0,0.7397620187978915
6702,1,0.9421276207490916
6703,1,0.883414924620139
6704,0,0.0010836808500007857
6705,0,0.016766169830313402
6706,0,0.2568764034220974
6707,1,0.901002674687849
6708,1,0.8228574711935496
6709,0,0.0009109376720888558
6710,1,0.06454267278446325
6711,1,0.898170415911357
6712,0,0.011441845430924769
6713,0,0.08249262065371629
6714,0,0.08573388252995869
6715,0,0.3164005933891093
6716,0,0.35367864395343784
6717,0,0.611079830054933
6718,0,0.6193261306419209
6719,0,0.03244433407235962
6720,0,0.6679158920685261
6721,1,0.16945853184104787
6722,1,0.9011631362151362
6723,0,0.6887722460607592
6724,0,0.0516119261752096
6725,1,0.8904559386861854
6726,0,0.012089049955247946
6727,1,0.6937421392109678
6728,1,0.8903032280203986
6729,0,0.011357310453846622
6730,0,0.03697921007180158
6731,1,0.9572338237572607
6732,1,0.6873079534285962
6733,0,0.026603831859575815
6734,0,0.014847792926430854
6735,0,0.0074567393128515515
6736,0,0.24428185144285766
6737,1,0.9051673561342027
6738,0,0.019574452985368293
6739,0,0.005719274219793621
6740,1,0.8625086508632507
6741,0,0.0029866285736743587
6742,0,0.055220687993532455
6743,1,0.48481871713330893
6744,0,0.012022506540655276
6745,0,0.10875051836889071
6746,0,0.06755854422082117
6747,1,0.8197145155925447
6748,0,0.16192181501282493
6749,0,0.026087963452998283
6750,0,0.006789054706312567
6751,1,0.8516995662832416
6752,1,0.27840233347497845
6753,1,0.7838005861058879
6754,1,0.9455029266621415
6755,0,0.0010452317944791808
6756,0,0.01128381990345948
6757,1,0.9140947391087844
6758,0,0.8394056144962786
6759,1,0.9115219466569574
6760,1,0.3645152759141439
6761,0,0.001506755257757186
6762,0,0.09769468561675693
6763,1,0.8508198251968846
6764,0,0.005760810780069698
6765,0,0.07648615419648189
6766,0,0.5548907740142287
6767,1,0.8939871026036097
6768,1,0.8307263970019356
6769,0,0.6244174334612373
6770,0,0.36428677966071094
6771,0,0.18104685333199255
6772,0,0.001451543274793386
6773,0,0.0021836758373801335
6774,0,0.9132258291361217
6775,0,0.17456778223075178
6776,0,0.007895080866058168
6777,1,0.9358539215167081
6778,1,0.28738245542004537
6779,0,0.04553435418893004
6780,0,0.0015876645255801921
6781,1,0.8009118083729593
6782,1,0.894610666547912
6783,1,0.9446011279790529
6784,0,0.06538603293292886
6785,0,0.4546941124780449
6786,0,0.001066899101145889
6787,0,0.18740192492123098
6788,1,0.5266295111101086
6789,1,0.8049337061967019
6790,0,0.08082121313175704
6791,1,0.8527159627311802
6792,0,0.007989292959578663
6793,1,0.8951161507270422
6794,0,0.1766134832023814
6795,0,0.9103739626130263
6796,1,0.9416222744829765
6797,1,0.5914002827760071
6798,1,0.934462106356992
6799,0,0.02824632943426723
6800,0,0.02469702567452347
6801,1,0.8537029915469639
6802,1,0.760890811069222
6803,0,0.013790785352101846
6804,0,0.0075743018037355
6805,0,0.5281332303218818
6806,1,0.7342182423491874
6807,1,0.8345538009883748
6808,0,0.021869999410539943
6809,1,0.8452230646788279
6810,1,0.9016472419930084
6811,0,0.004178616703714574
6812,0,0.06017987222012143
6813,0,0.004570839146401634
6814,1,0.8790072234967418
6815,0,0.31345661506569866
6816,0,0.8471490796784554
6817,0,0.4076423094047904
6818,0,0.1464710431289217
6819,1,0.4783900034193818
6820,0,0.013926517817175889
6821,0,0.010189464715407747
6822,1,0.9594430180983994
6823,0,0.05027245998030244
6824,0,0.1311748585853693
6825,1,0.8069898753617673
6826,0,0.0011501372305279733
6827,0,0.05226043002968897
6828,0,0.15134662484084668
6829,0,0.711900683763123
6830,0,0.0070408596621733335
6831,0,0.43524208662386726
6832,1,0.5681039313514676
6833,0,0.5635183842295453
6834,0,0.877496882451821
6835,1,0.9141241606078011
6836,1,0.1502009631846693
6837,0,0.007350511590760813
6838,0,0.16872151935344565
6839,0,0.06435323108619681
6840,0,0.00571618494766735
6841,0,0.0008488018536823129
6842,0,0.009915457517059809
6843,0,0.32665305989473603
6844,1,0.7335806025665709
6845,0,0.13814203195758137
6846,1,0.7167276096375865
6847,0,0.07144625111778413
6848,1,0.15762057935254495
6849,0,0.38836931669507846
6850,0,0.01598900955888967
6851,1,0.932210240544598
6852,0,0.054226236877087254
6853,0,0.07930034889442605
6854,0,0.061990435333355354
6855,0,0.39831300422498683
6856,1,0.881020165312747
6857,0,0.007960472473304833
6858,0,0.25559090078726066
6859,1,0.5147617238588504
6860,0,0.017548516606505728
6861,1,0.8303167444758374
6862,1,0.5705190051297531
6863,1,0.7429630183936008
6864,1,0.8763101176879341
6865,1,0.3996264771656373
6866,0,0.0011875845153574026
6867,0,0.0029028838705380147
6868,0,0.047045405344998084
6869,0,0.008800598619106523
6870,0,0.1653327352405698
6871,0,0.002454071058645668
6872,1,0.8918646982886226
6873,1,0.7280281547192801
6874,1,0.6712590907325019
6875,0,0.021882031124529668
6876,0,0.014628415570089573
6877,0,0.041219048073375626
6878,0,0.2400613089863433
6879,1,0.9231423974623612
6880,1,0.814233353254367
6881,0,0.09835648646246521
6882,0,0.002954182141633916
6883,0,0.3222422661779458
6884,1,0.646926807455656
6885,0,0.4517021261382662
6886,1,0.846941884554929
6887,0,0.02103190943898888
6888,0,0.015215197107142881
6889,0,0.019452835508914558
6890,0,0.6783740639815764
6891,0,0.9803071983275239
6892,0,0.002796058285784783
6893,0,0.005614405329182755
6894,0,0.9637519475288666
6895,1,0.8875214224445819
6896,0,0.033963083311507394
6897,0,0.08890584416416385
6898,1,0.9730617058413964
6899,0,0.01814703277301213
6900,0,0.005591326211501465
6901,1,0.7268831894992381
6902,0,0.07993393196417783
6903,0,0.07267342148807057
6904,0,0.05951157504907108
6905,1,0.7934924590520024
6906,0,0.04148752462263078
6907,1,0.761356479878309
6908,0,0.08651892726279939
6909,0,0.8733871053758853
6910,0,0.007234581467149451
6911,0,0.09693626551108081
6912,0,0.0160890761848672
6913,0,0.40462745733742433
6914,0,0.2928284537929376
6915,1,0.7836101000723362
6916,1,0.17885874857561787
6917,0,0.13588886041848564
6918,0,0.027649015082373208
6919,0,0.005080343207121389
6920,0,0.0364561365982321
6921,0,0.25987023857373626
6922,1,0.9106682473088523
6923,1,0.9252297090371766
6924,0,0.08886546173738043
6925,0,0.037514565215870994
6926,0,0.4336528660932423
6927,0,0.05526429358005095
6928,0,0.07627778590465101
6929,0,0.1163497157620989
6930,1,0.9041741563256751
6931,1,0.9507619864579339
6932,0,0.07260251452909207
6933,0,0.11668483823746248
6934,1,0.847414724387413
6935,0,0.8669863072669808
6936,0,0.07085751197754955
6937,0,0.034972152755711944
6938,0,0.02725345442192726
6939,0,0.010070075565142259
6940,1,0.5627366845840611
6941,0,0.16888304610864968
6942,1,0.21465530098884925
6943,0,0.04278963716325078
6944,0,0.05027608917567204
6945,0,0.06440266232881153
6946,0,0.3257576874192174
6947,1,0.8574453090131
6948,0,0.09751653363962397
6949,0,0.158521329200626
6950,0,0.033243236727296545
6951,0,0.09719661214553843
6952,0,0.010905870625776498
6953,0,0.008039067703544948
6954,0,0.022820479400813217
6955,1,0.7018079690637562
6956,1,0.771186590248413
6957,0,0.06846625926011884
6958,1,0.6430053356362454
6959,0,0.040242532751555773
6960,0,0.4824904108701815
6961,0,0.019486958983680407
6962,0,0.05798349105889582
6963,0,0.2096533185784274
6964,0,0.026398123587310356
6965,0,0.03470772660820993
6966,0,0.5398355755472549
6967,1,0.7488570963135399
6968,0,0.045258869101096735
6969,0,0.010691932448415094
6970,0,0.05757641017573959
6971,0,0.0138260070483458
6972,1,0.6054674509146725
6973,1,0.7167745355062489
6974,1,0.7528554049809855
6975,0,0.007925216180608922
6976,0,0.5053813165526063
6977,0,0.8508647617338752
6978,0,0.0035902536420775373
6979,0,0.04446652195716708
6980,1,0.8465994489079278
6981,0,0.9471394235431185
6982,0,0.00899437758000195
6983,0,0.1865447752909055
6984,1,0.9208560650481984
6985,0,0.3941022650197924
6986,0,0.016090305660598107
6987,1,0.8782764584980761
6988,0,0.06555818091463853
6989,1,0.7338554837587491
6990,0,0.0012314357358028515
6991,0,0.05609672079240906
6992,1,0.8939499264095715
6993,1,0.818043969712244
6994,1,0.709121983465979
6995,1,0.802638201973645
6996,1,0.5682391219604339
6997,0,0.039664285363126044
6998,1,0.08146477132809465
6999,1,0.7313686688749499
7000,0,0.0035623665130904186
7001,0,0.19853006585645044
7002,1,0.9109597369135505
7003,0,0.005244593419563591
7004,1,0.7794916422720931
7005,1,0.7098296000972228
7006,1,0.8210474599592478
7007,0,0.14034627286691767
7008,0,0.0622446019310532
7009,0,0.1616737026085743
7010,0,0.04731040867734538
7011,0,0.7873155160558332
7012,0,0.6051187775316104
7013,0,0.2001923538883458
7014,0,0.002190016878040673
7015,0,0.0415106005524613
7016,0,0.008877501421500747
7017,0,0.00559950813725454
7018,1,0.8254671583072051
7019,0,0.06494863809528767
7020,1,0.3082388640993613
7021,0,0.5356283061933858
7022,0,0.08570151876891162
7023,0,0.022429753328290888
7024,0,0.13997517133342474
7025,0,0.1519292038698355
7026,1,0.3702709679984102
7027,1,0.20662925375602184
7028,1,0.8990769691785708
7029,0,0.025806834354602164
7030,1,0.47946825063138226
7031,1,0.5471063720841882
7032,1,0.32451091438020235
7033,0,0.005625446887923373
7034,1,0.6977456306819634
7035,0,0.005776301297344913
7036,0,0.09606035680288882
7037,0,0.02061737563530316
7038,0,0.1757832912649838
7039,0,0.004260555004535747
7040,0,0.24631075250355128
7041,0,0.06743192361863724
7042,1,0.9820697036189415
7043,0,0.0133013084443037
7044,1,0.9407573087275016
7045,1,0.9715302805895456
7046,0,0.16402824900980476
7047,1,0.361408004888996
7048,0,0.0037668026450464053
7049,0,0.0061189206748837755
7050,0,0.13636614417814033
7051,0,0.003230355778392453
7052,1,0.7951729372006499
7053,0,0.13361453217938923
7054,0,0.04316645418376919
7055,0,0.0659473862820767
7056,1,0.8146917667512126
7057,1,0.9094343680710616
7058,0,0.6181111581044879
7059,0,0.0010311237640386077
7060,1,0.9339554376519337
7061,0,0.4240337991651136
7062,0,0.061481689865161504
7063,0,0.012652155319143762
7064,0,0.03229928098664229
7065,0,0.22611903665290267
7066,0,0.008208667864517578
7067,1,0.7032887938113355
7068,0,0.007985490931380717
7069,1,0.8049910241242287
7070,1,0.7055436074058581
7071,1,0.5899436867906449
7072,0,0.004028359410711111
7073,0,0.47348846886448775
7074,0,0.019567984929344476
7075,0,0.017107970851008673
7076,0,0.0785235359021832
7077,0,0.02009577063257533
7078,0,0.33954483816782227
7079,1,0.9179015529007357
7080,0,0.18995133700910627
7081,1,0.9390084562105179
7082,0,0.008428322076193255
7083,0,0.7412811369373197
7084,1,0.719949944043915
7085,0,0.006109787205074876
7086,1,0.792776855759239
7087,0,0.01192302105286314
7088,0,0.014069994425342923
7089,0,0.009563447759607263
7090,1,0.8937376685794911
7091,0,0.03778632869777254
7092,0,0.01996986573347615
7093,0,0.23478160650240595
7094,0,0.010277613399993737
7095,0,0.16588251990050723
7096,0,0.08082639588725696
7097,0,0.01578382947300834
7098,0,0.002374394853541133
7099,0,0.9071888540086152
7100,1,0.046366651955980526
7101,0,0.0015777006792570083
7102,1,0.8893928667128322
7103,0,0.0030341294121063052
7104,0,0.014483892506427922
7105,0,0.37395128530759625
7106,0,0.379900636239575
7107,0,0.6723573698124957
7108,0,0.0016947535607076379
7109,1,0.9053664995820929
7110,0,0.006161236661882264
7111,0,0.011655919620030087
7112,0,0.027341724149079604
7113,0,0.009116238982884299
7114,0,0.050385319132503215
7115,0,0.19397033595963406
7116,1,0.7221481695821261
7117,1,0.899559783940392
7118,1,0.6352498894187144
7119,1,0.8684097311328403
7120,0,0.012736727964761987
7121,0,0.015440334925185957
7122,0,0.43284862076793396
7123,0,0.03838512067386099
7124,0,0.4357118722807126
7125,0,0.0014253293851022924
7126,0,0.04032332580420832
7127,1,0.9379635492593805
7128,0,0.011085492711795725
7129,0,0.008724575655375523
7130,1,0.290590163821033
7131,1,0.942761164382834
7132,0,0.003617208610950538
7133,0,0.18849044359102393
7134,1,0.9278916759244612
7135,0,0.03095644085806434
7136,0,0.047110621560395714
7137,0,0.0016396014799127513
7138,0,0.5888755373597961
7139,0,0.009863894065723976
7140,0,0.042295395530660446
7141,1,0.8380546329298634
7142,1,0.7991466805402808
7143,0,0.005342295723520558
7144,1,0.9126291438192241
7145,0,0.09129577182754539
7146,0,0.018052417168806095
7147,0,0.009736191234226366
7148,1,0.6931191989471365
7149,0,0.2856066527359812
7150,0,0.10726667486788988
7151,1,0.7619367435746606
7152,0,0.008607781390422982
7153,1,0.909509177869386
7154,0,0.0017021472317571497
7155,0,0.09111905248685614
7156,0,0.005191292317634051
7157,0,0.01289129285184861
7158,0,0.005710899200043791
7159,0,0.031869881491489324
7160,1,0.984421645784118
7161,0,0.007701257031532293
7162,1,0.8295973152334697
7163,1,0.9507341369692952
7164,1,0.9091453579032978
7165,0,0.011964033074358327
7166,0,0.01366748199168572
7167,0,0.0014174509173434135
7168,0,0.05073806364692974
7169,0,0.2486410125686221
7170,0,0.026085660646866914
7171,0,0.011542087408437386
7172,1,0.8261411691734669
7173,1,0.7686551103807819
7174,1,0.8262190194086405
7175,1,0.3907813238339215
7176,1,0.6792659772962707
7177,0,0.0076726904453054655
7178,0,0.005077468505402961
7179,1,0.3829253645408126
7180,0,0.015600687267183087
7181,0,0.2127131994227594
7182,1,0.8522756049691935
7183,1,0.0390940066301161
7184,0,0.04090689132604874
7185,1,0.5722096841831854
7186,1,0.9135216009982247
7187,0,0.8404326779883035
7188,0,0.18859833445697016
7189,0,0.0024039762339932713
7190,0,0.08544459456670084
7191,1,0.6892692316682655
7192,1,0.6786475621572966
7193,1,0.8217134384354747
7194,0,0.0025948811958632217
7195,0,0.32156495556558323
7196,0,0.04926388676074871
7197,0,0.5981417170721179
7198,0,0.34523700752281117
7199,0,0.15330600531369462
7200,0,0.019882469285695443
7201,0,0.11005960199372661
7202,1,0.8675971378932963
7203,1,0.9353244054742853
7204,0,0.005341874728707893
7205,0,0.2553121633587364
7206,0,0.21908833425620114
7207,0,0.004703544648221609
7208,0,0.04825290702797618
7209,0,0.004512863528544409
7210,1,0.874064565463919
7211,0,0.15017016117902865
7212,1,0.9311275962023472
7213,1,0.7735475975379689
7214,0,0.2822018550074184
7215,1,0.9265637448584735
7216,0,0.0007473961468698201
7217,0,0.036943917218727196
7218,0,0.8012146245032749
7219,0,0.0014381701129278928
7220,0,0.427009685584804
7221,0,0.144332211983911
7222,0,0.18038930561156497
7223,0,0.08578322441458743
7224,0,0.296398968094812
7225,0,0.7641807555021475
7226,0,0.007957105627911262
7227,0,0.004518222528226093
7228,0,0.016603198530903838
7229,0,0.01773161760473375
7230,1,0.698896976309902
7231,1,0.7717451724639072
7232,0,0.02352200051840836
7233,0,0.0034474248476863405
7234,0,0.011497503817876422
7235,0,0.007170535375297085
7236,1,0.88532897938728
7237,0,0.04676650867967164
7238,0,0.045890485015196034
7239,0,0.012058195979336812
7240,0,0.37848632882590727
7241,1,0.9466846372130524
7242,0,0.004749990747813978
7243,0,0.9709915003578989
7244,0,0.002356043427402269
7245,1,0.7686152471599897
7246,1,0.8696338183285243
7247,0,0.9310217105653538
7248,1,0.800736749852043
7249,0,0.012582966984241491
7250,1,0.7932452992346519
7251,0,0.7161533558752594
7252,0,0.060700338358745054
7253,1,0.90831175466691
7254,0,0.27220203475080257
7255,0,0.0012529415569029498
7256,1,0.8875493166492449
7257,0,0.03005449621857923
7258,0,0.020297484458924778
7259,0,0.889963292900336
7260,0,0.2916384743747501
7261,0,0.7328924071733084
7262,0,0.052106566454423624
7263,0,0.022076571535741663
7264,1,0.8559284343734107
7265,1,0.8310032799127118
7266,0,0.00830907735404062
7267,1,0.8700610273705582
7268,0,0.06292228353901885
7269,1,0.9071524722376777
7270,0,0.017681768358168835
7271,1,0.8590705303761211
7272,0,0.18753811976526888
7273,0,0.027640067093296
7274,1,0.9458235223129149
7275,0,0.1512962855443
7276,0,0.0028174284375567403
7277,1,0.8783901451449244
7278,0,0.00107472577882165
7279,0,0.007773897337413407
7280,1,0.8290339864057069
7281,1,0.915475112144318
7282,0,0.8352005513672867
7283,0,0.01573238378293351
7284,0,0.4384327399397019
7285,1,0.608028691675873
7286,0,0.05263885844965205
7287,0,0.09624598496030283
7288,1,0.5137610551720382
7289,1,0.7699547546179799
7290,0,0.11469517988859765
7291,0,0.6133890737104664
7292,1,0.35909604307308113
7293,0,0.004732418985470562
7294,1,0.8253583283896093
7295,0,0.06436991651829121
7296,0,0.007156982760430015
7297,0,0.004725847932996626
7298,0,0.2907398133455276
7299,0,0.9024365734156936
7300,0,0.008165796343794962
7301,1,0.8090282971588725
7302,0,0.05572253055325405
7303,0,0.009207839226184988
7304,0,0.04418347495438729
7305,0,0.010184299128871938
7306,0,0.11589560987036132
7307,1,0.6107708702606406
7308,1,0.5009737440316108
7309,0,0.0353119855222378
7310,0,0.0037625870384904786
7311,1,0.5884506564503778
7312,1,0.9005215848337478
7313,0,0.19165880088276313
7314,0,0.14531009529242428
7315,0,0.0402315559721533
7316,0,0.001483918418586954
7317,0,0.5085883582403496
7318,0,0.008633695519493582
7319,0,0.02793960331618703
7320,0,0.38200332321776653
7321,1,0.6669063553075211
7322,0,0.1275447984309197
7323,1,0.5207538708507322
7324,0,0.06549888369913277
7325,0,0.06517752087536288
7326,1,0.5679454916896696
7327,1,0.1764492872114044
7328,1,0.865660688871845
7329,0,0.4242047901476158
7330,1,0.9076898688655105
7331,1,0.8630880391090249
7332,0,0.15093477933834173
7333,0,0.04946332836754392
7334,0,0.012793937672629853
7335,0,0.0709929070026287
7336,0,0.02609012670744213
7337,0,0.046068904250432155
7338,0,0.002411552322167668
7339,0,0.26905357680912384
7340,0,0.13048630190158528
7341,0,0.09154307240331745
7342,1,0.9074006574190828
7343,1,0.8930922447679379
7344,0,0.005173173808054025
7345,1,0.8384028111586881
7346,1,0.7612980429635989
7347,0,0.1304490984783518
7348,0,0.2693875038866569
7349,1,0.8547257886033595
7350,0,0.02998097962933472
7351,0,0.616985864970732
7352,0,0.755140995983473
7353,0,0.5590990953703661
7354,0,0.3168260483651089
7355,1,0.9122078020146192
7356,0,0.709700047895546
7357,0,0.09601844836155882
7358,0,0.2961273863134757
7359,1,0.5106886809795383
7360,0,0.0066083625874609345
7361,0,0.7881224781781594
7362,0,0.07306380917221739
7363,1,0.94549707482862
7364,0,0.007192110662680079
7365,1,0.6803161199226389
7366,1,0.28033148126446866
7367,1,0.5868911733810894
7368,0,0.20618969029790118
7369,0,0.5488073772485604
7370,0,0.09577105276579878
7371,1,0.9195444187854394
7372,0,0.034548571457222454
7373,0,0.6477353545990228
7374,0,0.027240527301459722
7375,0,0.1768519015514722
7376,0,0.5234689322495334
7377,0,0.39849226404317506
7378,1,0.8267160089161925
7379,1,0.9440871958113249
7380,0,0.37832514931971595
7381,0,0.06391082452265603
7382,0,0.30022813581707897
7383,0,0.017514874193775076
7384,0,0.006610945566566897
7385,1,0.7959843552206713
7386,0,0.10158177712586858
7387,0,0.033481712564300256
7388,0,0.0030165782731027295
7389,0,0.01287644818837322
7390,1,0.4267535303601513
7391,0,0.6614011412530615
7392,1,0.6972703542645564
7393,0,0.6680097541489731
7394,0,0.052776576979599484
7395,0,0.5489372073807024
7396,0,0.04711650942084729
7397,0,0.36219691353554495
7398,0,0.4954435251640652
7399,0,0.17916774707347904
7400,1,0.7278095300816488
7401,0,0.0015036538150671021
7402,0,0.1597283567875425
7403,1,0.6738283586798136
7404,0,0.08751575198598807
7405,0,0.0060176899590779235
7406,0,0.050793427698556784
7407,1,0.7911563191131945
7408,0,0.015781691901340263
7409,0,0.01182100416949191
7410,0,0.023931438717513964
7411,0,0.055273177779533805
7412,0,0.010890220436866594
7413,0,0.03184653985322651
7414,0,0.11164114978285802
7415,0,0.008626319435434283
7416,0,0.7387542811587497
7417,0,0.04669487852199688
7418,0,0.01623071533409316
7419,0,0.005376391843093121
7420,0,0.578362062800124
7421,0,0.032966413389056905
7422,1,0.5729541517525867
7423,1,0.6543359227664813
7424,1,0.7769104334448298
7425,0,0.018962487567951714
7426,1,0.9590303609667545
7427,0,0.0011527361527561408
7428,0,0.1205381709851467
7429,0,0.10548845327079129
7430,0,0.0005558364807598075
7431,0,0.6096439856782628
7432,1,0.3060068871473208
7433,0,0.8629277222836975
7434,0,0.03427135221943956
7435,0,0.020107249395248734
7436,0,0.07963347670459786
7437,0,0.3448084292134624
7438,0,0.3987821550922602
7439,0,0.006419337188698405
7440,0,0.055235202295993664
7441,0,0.02903168255654954
7442,0,0.5534051923068692
7443,0,0.0009620945537682366
7444,0,0.3865153194049593
7445,1,0.8094697120593166
7446,0,0.055820625331736706
7447,0,0.6400442238461412
7448,0,0.017818040244571582
7449,1,0.8895647950860861
7450,0,0.019340015297405415
7451,0,0.4437463492638555
7452,0,0.05361019956533989
7453,0,0.06586705180069424
7454,0,0.058671830702601666
7455,0,0.04615679692805712
7456,0,0.05322606146066945
7457,1,0.9143006513636831
7458,1,0.6312229067024345
7459,1,0.958569681262498
7460,0,0.027985758979994228
7461,1,0.596842852968183
7462,0,0.005833055455352369
7463,0,0.005048900013315757
7464,1,0.3771480407945976
7465,0,0.46758516247405635
7466,1,0.5198536168729915
7467,1,0.8990698836952942
7468,1,0.8447747948821175
7469,1,0.4112867803994011
7470,1,0.6490796770105504
7471,0,0.6689643269489255
7472,1,0.9306068599927417
7473,1,0.9556106262582413
7474,0,0.5385571265053972
7475,0,0.0013385767694595004
7476,1,0.9125942030704588
7477,1,0.8951967824006672
7478,0,0.480908201523346
7479,1,0.7332780789815384
7480,0,0.004105090985122569
7481,0,0.10367501457168338
7482,0,0.0008649939956007345
7483,1,0.8410548391370911
7484,1,0.8428389859169088
7485,0,0.13266079907304754
7486,0,0.060092896655886116
7487,0,0.0029844609353490864
7488,0,0.12509685082472133
7489,0,0.006213773036440261
7490,0,0.0557278463113518
7491,0,0.9291856180696028
7492,0,0.726478506614108
7493,0,0.06447318458600408
7494,0,0.30550392283511996
7495,1,0.39976641318262557
7496,1,0.9276047666452879
7497,1,0.4463691461681408
7498,1,0.8129208180317429
7499,0,0.9158367761433622
7500,0,0.004802882793647248
7501,0,0.33811376686643524
7502,0,0.2403305998975983
7503,0,0.037941488816612357
7504,0,0.005875826927471239
7505,0,0.02223886620764641
7506,1,0.8916993754364511
7507,0,0.7078004587564164
7508,0,0.022140702071122974
7509,0,0.10470566356531166
7510,0,0.004782409547972113
7511,0,0.02856489906670993
7512,0,0.20241365837517436
7513,1,0.8241101430402329
7514,1,0.894803626671453
7515,0,0.06682686909675896
7516,0,0.031542179621775183
7517,0,0.05599553426973275
7518,0,0.5975166725081388
7519,0,0.028276165286037838
7520,1,0.7478005477966587
7521,1,0.9684783610029375
7522,0,0.7259615737166577
7523,0,0.5287166352539692
7524,1,0.8768352620136041
7525,1,0.8084847425938346
7526,0,0.8527871209438813
7527,1,0.9317534413874168
7528,0,0.00827598009906713
7529,0,0.6344543964952452
7530,1,0.7917587558189395
7531,0,0.020225983877935907
7532,0,0.0801941487344236
7533,0,0.371910430742995
7534,0,0.13116581595387888
7535,1,0.9111881467647533
7536,0,0.6682992499722351
7537,0,0.4312478753940223
7538,1,0.7917990565668965
7539,0,0.050341974257217474
7540,1,0.7394281497905636
7541,1,0.7174209951294931
7542,0,0.31570292240830616
7543,0,0.007864336607514864
7544,0,0.007902698204648366
7545,1,0.5392005685971989
7546,0,0.006924226319674164
7547,0,0.6576873407387706
7548,0,0.889157332742468
7549,1,0.6500272278762093
7550,1,0.9594046102817826
7551,0,0.055549026608471816
7552,0,0.8147817379171788
7553,0,0.015964759275113524
7554,1,0.8271688341509453
7555,0,0.013897565874821799
7556,1,0.8752390141432718
7557,0,0.781015490247372
7558,1,0.7693233007193113
7559,0,0.7523395180472487
7560,1,0.8823483413410382
7561,0,0.05462700868159785
7562,1,0.9189104914911654
7563,0,0.2831923807059097
7564,1,0.9379152229270827
7565,1,0.7318111937166832
7566,0,0.0824858000082317
7567,1,0.9439249442785964
7568,0,0.11331633418464422
7569,1,0.9287153795472042
7570,1,0.7711880161045506
7571,1,0.35256860364924114
7572,0,0.0313059122463099
7573,0,0.007379369532307414
7574,0,0.02606354256957636
7575,0,0.012151634599825292
7576,1,0.9161907286028597
7577,0,0.08406746723531225
7578,1,0.6921588756962148
7579,1,0.7575923312985584
7580,0,0.09732769712368083
7581,0,0.039684390294737186
7582,0,0.014946287723848685
7583,1,0.7956709660343046
7584,0,0.012598253667450264
7585,1,0.8875684394689667
7586,0,0.355144883989507
7587,0,0.0017406920761391634
7588,0,0.792045684127922
7589,0,0.00867024852832541
7590,1,0.8989995495372849
7591,0,0.22199087482148766
7592,1,0.4189559867568291
7593,0,0.005027888666988431
7594,1,0.9464962116792648
7595,0,0.8145558936822969
7596,0,0.03698624690865696
7597,0,0.3411041938642192
7598,0,0.009809264600886986
7599,1,0.6802078979452306
7600,1,0.9515874196922632
7601,0,0.07004102472200477
7602,1,0.6411240406047337
7603,0,0.006159489693636694
7604,0,0.9502163192561159
7605,0,0.00967219787744069
7606,0,0.4902879621511745
7607,0,0.011756154377593926
7608,0,0.15349230715526985
7609,0,0.07838970235366965
7610,1,0.8326407506435265
7611,1,0.9183528861255006
7612,1,0.974217741942105
7613,0,0.011368237704456257
7614,0,0.26053751537736436
7615,0,0.1264704854548928
7616,1,0.9462769037734873
7617,0,0.0007319106183242027
7618,0,0.3526982383421022
7619,0,0.002587100308029195
7620,1,0.7470538071614421
7621,0,0.04145723436628084
7622,1,0.790436247482838
7623,0,0.005931687223185189
7624,1,0.7884414098642007
7625,0,0.037773755017926916
7626,0,0.006388158506563973
7627,0,0.415031404757993
7628,0,0.2084719405018327
7629,1,0.834953131508894
7630,1,0.9479603525503186
7631,0,0.8783430045197856
7632,1,0.911935708481389
7633,1,0.912086311609984
7634,0,0.4627014926158841
7635,1,0.9206692225521792
7636,1,0.6581805636982089
7637,1,0.19439375393553254
7638,1,0.859538882854499
7639,0,0.5185986263579924
7640,0,0.023489530025971497
7641,0,0.8758346196371337
7642,0,0.07047024362791626
7643,1,0.8568485422730443
7644,0,0.4088851437620695
7645,1,0.7511170171145276
7646,0,0.0062177614598290035
7647,0,0.0037620647411240136
7648,0,0.17713745377417203
7649,1,0.8879721215703149
7650,0,0.11387129366217785
7651,1,0.9091970077911283
7652,0,0.01623736921923339
7653,1,0.8295540452123398
7654,0,0.024268034173068727
7655,1,0.830447687771389
7656,1,0.9177094294348723
7657,1,0.9317998710116457
7658,1,0.5653312484479587
7659,0,0.02536045550821841
7660,1,0.77245036840558
7661,1,0.21851250164313563
7662,0,0.032376569875737844
7663,0,0.05783103383584579
7664,1,0.946469651926226
7665,0,0.8143825448732686
7666,1,0.8884346454224026
7667,0,0.001293315772246406
7668,0,0.16757144024426038
7669,0,0.0021922519866616925
7670,0,0.9253050894051204
7671,0,0.008600171117766899
7672,1,0.42153714457269603
7673,0,0.8177106036492512
7674,1,0.8784277010271563
7675,0,0.07084547898003009
7676,0,0.0025779795174183805
7677,1,0.49089338421665507
7678,0,0.0026794055294787527
7679,0,0.009169268912517434
7680,0,0.0076177660683193465
7681,0,0.6671417062068242
7682,1,0.9021781970683312
7683,0,0.6395988327302895
7684,1,0.8647700498921697
7685,0,0.023227538203382907
7686,0,0.01813974286469882
7687,0,0.09777662843066538
7688,0,0.023250607983947368
7689,1,0.8664309481276052
7690,0,0.04402075619861195
7691,0,0.0039397798520227146
7692,0,0.04881802848708917
7693,0,0.6563018632882052
7694,0,0.015491330810714535
7695,0,0.038652610565724575
7696,0,0.00993017286653751
7697,0,0.004098116910882767
7698,0,0.9358034984707946
7699,1,0.901111767761525
7700,1,0.6097654776175411
7701,1,0.8361614193340781
7702,1,0.8809806416117626
7703,1,0.5953460694042778
7704,0,0.06407455487738282
7705,1,0.4767975359970891
7706,1,0.8647762334162526
7707,1,0.9326869230339851
7708,1,0.8801687044012674
7709,0,0.07860426831824588
7710,1,0.7699099699007028
7711,1,0.6494734069204204
7712,0,0.01781509433111363
7713,0,0.8079974661851942
7714,0,0.006223089461392396
7715,0,0.0062496966633347265
7716,1,0.7711527199698401
7717,0,0.025255298484341025
7718,1,0.5281244783724823
7719,0,0.05141007123580719
7720,0,0.22226249576401325
7721,0,0.010396725537746789
7722,0,0.02702224117566352
7723,0,0.05440041871240679
7724,0,0.057134435462494707
7725,0,0.07653806798476769
7726,0,0.008432380507079963
7727,1,0.8443609714267035
7728,1,0.8871214609322212
7729,0,0.5061270344304909
7730,0,0.08675292785878569
7731,1,0.8457758519669047
7732,0,0.8915129116024709
7733,0,0.06256979022794942
7734,0,0.04486588214593726
7735,0,0.016272593884447264
7736,0,0.27466449531648807
7737,1,0.7024332536407243
7738,0,0.007181493606378491
7739,0,0.07449915544788982
7740,0,0.008115545610449712
7741,0,0.021235471583825924
7742,0,0.5402797576021985
7743,0,0.12226343590215072
7744,1,0.8971740540576334
7745,0,0.07889178299520375
7746,0,0.039393070258229815
7747,1,0.9757671917174497
7748,0,0.020046003032439672
7749,0,0.32952061461971194
7750,1,0.8182238437356193
7751,0,0.10095094299104208
7752,0,0.0016826401178753683
7753,1,0.9851650767144654
7754,0,0.01967122111067319
7755,0,0.15281050409771746
7756,0,0.17937698642229444
7757,0,0.018084567006567565
7758,1,0.6866594632650507
7759,1,0.8336698332100174
7760,0,0.10543998898933601
7761,0,0.45306293192682656
7762,1,0.8983247066275464
7763,0,0.7547715966551644
7764,0,0.7055801938370079
7765,1,0.9688701503193462
7766,0,0.01692403827871253
7767,1,0.628167585877865
7768,0,0.04388388781700692
7769,0,0.0032698673929652477
7770,0,0.2688462150441456
7771,0,0.010815262496437661
7772,0,0.10921491750090181
7773,0,0.0018091153682290404
7774,0,0.6422768166820024
7775,0,0.008779381807322812
7776,1,0.35537818017732087
7777,0,0.0339359458504743
7778,1,0.8308340316551164
7779,1,0.7556389378993907
7780,0,0.6723928164427571
7781,1,0.9403868280810435
7782,1,0.8877937717981423
7783,0,0.17798948093290023
7784,0,0.04448307894442506
7785,1,0.315072415452127
7786,1,0.8778582348424777
7787,0,0.7523883729249314
7788,0,0.45995693739989607
7789,0,0.06757116425085397
7790,1,0.8637377981043062
7791,1,0.9458541939072092
7792,0,0.7252905456620853
7793,0,0.018775946394502058
7794,0,0.004192029477530434
7795,0,0.003379392516036384
7796,1,0.7644465188518168
7797,0,0.021198916689551296
7798,1,0.7232803312125933
7799,0,0.19806545504190717
7800,1,0.7790973522541693
7801,0,0.030467582658990577
7802,0,0.04231818105406082
7803,0,0.05102264708770182
7804,1,0.5123162095538274
7805,0,0.6545397846249721
7806,1,0.8401220278129728
7807,0,0.007909580169157394
7808,1,0.555980523544968
7809,0,0.10404634042944612
7810,0,0.08388154435104689
7811,1,0.7245341300896495
7812,0,0.8612147621900074
7813,1,0.8480852358536832
7814,1,0.8727483640919005
7815,0,0.01158523336534918
7816,0,0.032403891498296915
7817,1,0.6429411587288064
7818,0,0.07582495383556728
7819,1,0.6741513363566147
7820,0,0.005154863113454351
7821,0,0.0030393275634728375
7822,1,0.456068884912139
7823,0,0.02055192411347438
7824,0,0.196807128465697
7825,0,0.12205240758126482
7826,0,0.009656031888232587
7827,0,0.023370787944064223
7828,1,0.7010663582085263
7829,0,0.07098754901275675
7830,0,0.867561715359422
7831,1,0.7550782925595763
7832,1,0.6549220665119114
7833,1,0.662789076798018
7834,0,0.009569573770282237
7835,1,0.9050214830383154
7836,0,0.03758149033823224
7837,0,0.011400979793391958
7838,0,0.005138512561687647
7839,1,0.8279645387910197
7840,0,0.7231704497189431
7841,1,0.19529764252277412
7842,0,0.01798078085582001
7843,0,0.007734383267799056
7844,0,0.07921892207451368
7845,0,0.009523041618808946
7846,1,0.7164598625496412
7847,0,0.6877327101417303
7848,1,0.664191200149444
7849,0,0.23849391863982283
7850,0,0.1323998675532026
7851,0,0.14085222417835785
7852,0,0.2533977388057668
7853,1,0.899645874851128
7854,1,0.6890590348751131
7855,1,0.8887523803907185
7856,0,0.137441744009605
7857,0,0.012802461086473094
7858,1,0.7459515150261271
7859,0,0.09353270846575851
7860,0,0.016828122569657256
7861,1,0.5483156310614327
7862,0,0.045262322608113935
7863,0,0.0004293482083673355
7864,0,0.15800540084554066
7865,1,0.8153350702350586
7866,0,0.0062006487736243196
7867,1,0.5456744694027704
7868,0,0.8497531004383017
7869,0,0.11276464237362738
7870,0,0.2087145204684497
7871,0,0.07962548483820539
7872,0,0.008095683282027224
7873,0,0.0025013820806804544
7874,0,0.037066817918048035
7875,0,0.9303216476645032
7876,1,0.8024877298855028
7877,0,0.012184038788329504
7878,0,0.023598964903681394
7879,1,0.9064282336406615
7880,0,0.03345730336180587
7881,1,0.6121560149855287
7882,0,0.007053514532051338
7883,0,0.0011229203154764261
7884,0,0.21843403847373677
7885,0,0.07348187472614182
7886,0,0.05640868631301951
7887,1,0.8895933283654515
7888,0,0.1739235730193404
7889,1,0.300662250257982
7890,1,0.9454919244547393
7891,0,0.5603572324972972
7892,0,0.005672260335617212
7893,0,0.004470271801832636
7894,0,0.003359381936933869
7895,0,0.7333843659847439
7896,0,0.14612374941561243
7897,0,0.033820431695750414
7898,0,0.09339437329497813
7899,0,0.08860404004009495
7900,0,0.005570916081043821
7901,1,0.9680103175229442
7902,1,0.13863176489334023
7903,1,0.8367437506220803
7904,1,0.8900587639745651
7905,0,0.09289661999389272
7906,0,0.45194673382110717
7907,1,0.8655907208515186
7908,1,0.8276611247194046
7909,0,0.04174158796338245
7910,0,0.14127426214010158
7911,1,0.7367670681134231
7912,1,0.9135432984756199
7913,0,0.0027878594397837127
7914,1,0.5160553567534408
7915,0,0.1269833292207763
7916,0,0.10623003204855028
7917,0,0.026653522151584924
7918,0,0.2620524712194195
7919,0,0.007209242866906983
7920,0,0.017707187463458757
7921,0,0.012354948695195156
7922,0,0.46170338581791504
7923,0,0.005648659553849282
7924,0,0.021296750610022733
7925,0,0.01511713786810523
7926,0,0.06288743818470113
7927,0,0.002605464448310455
7928,0,0.10378960866275236
7929,1,0.9017781951799044
7930,0,0.0770639643522526
7931,0,0.049790096856396716
7932,1,0.6323200892176768
7933,0,0.01622980025461259
7934,0,0.053138512228224556
7935,0,0.3168869070735403
7936,1,0.4225993117500672
7937,1,0.49515074256220354
7938,0,0.016640992343037956
7939,0,0.037324733610255595
7940,0,0.5206898836065086
7941,0,0.013610286469269069
7942,0,0.045659475869844694
7943,0,0.008946512529063018
7944,0,0.012684227416671145
7945,1,0.09911281431784645
7946,1,0.5505136434741826
7947,0,0.6565159643454265
7948,1,0.5764243879054687
7949,0,0.045433720021748704
7950,1,0.8757513066141897
7951,0,0.835581450487771
7952,0,0.038403534096832455
7953,0,0.02701025896267825
7954,0,0.15981273638495694
7955,0,0.12870907082940966
7956,0,0.017962768477569637
7957,0,0.0295289752791957
7958,1,0.9441062799550393
7959,0,0.023142873108227983
7960,0,0.008363611598483419
7961,0,0.034574896832345804
7962,0,0.07156671488839207
7963,0,0.007431932176459033
7964,0,0.004143043320389156
7965,0,0.64940163439581
7966,0,0.25055716121701443
7967,0,0.5871532621895256
7968,1,0.8301387301495152
7969,0,0.001585129922490384
7970,1,0.9253412293482943
7971,1,0.6856690357306523
7972,0,0.15973048419436095
7973,0,0.03678245035139669
7974,0,0.27130266316137996
7975,0,0.00668717336038577
7976,1,0.6399883308499272
7977,1,0.5328316661245973
7978,0,0.004125222036565453
7979,0,0.06957356820032584
7980,0,0.002727957247490792
7981,1,0.8781461409798546
7982,0,0.103764937790671
7983,0,0.007071211874344504
7984,1,0.8408127771797131
7985,0,0.08244854654792548
7986,0,0.2849739249152547
7987,0,0.0668894420186145
7988,0,0.5240313324895932
7989,1,0.7807327463103207
7990,1,0.5056662430085997
7991,1,0.9590676390533439
7992,1,0.8542976616853175
7993,1,0.7017771249478859
7994,0,0.00699603134870345
7995,0,0.017908793050944522
7996,1,0.8570900263612684
7997,0,0.27079233069163694
7998,0,0.1546311444922724
7999,1,0.8226869868380788
8000,0,0.0028814836829329717
8001,1,0.9432938523304556
8002,0,0.02753113370715462
8003,0,0.02979412435527548
8004,1,0.9081087328148201
8005,0,0.8333789546519786
8006,0,0.005995043471930601
8007,1,0.793862847763998
8008,0,0.06518747990762279
8009,0,0.6870939019178425
8010,0,0.3272494621118294
8011,0,0.060975302480657315
8012,1,0.6147924832687893
8013,0,0.07605788426269768
8014,1,0.9771590545182475
8015,0,0.004008594761906499
8016,0,0.17438126715296037
8017,1,0.9620001839210651
8018,0,0.8476677966015649
8019,1,0.9590830150801302
8020,0,0.06915696860779083
8021,0,0.00984516869389358
8022,0,0.7523936049468753
8023,0,0.6163804650850363
8024,0,0.6319439146121947
8025,1,0.7104429343017032
8026,0,0.04428859791933543
8027,0,0.01284350661749218
8028,0,0.03231711869743735
8029,0,0.049822966667306366
8030,0,0.2964440334716301
8031,1,0.7256658221434908
8032,0,0.010063136024019152
8033,1,0.8600940620017522
8034,0,0.004602121724442102
8035,0,0.08734353423663699
8036,1,0.776718951795247
8037,0,0.014883435971880292
8038,0,0.04136813589200879
8039,1,0.6296456152384395
8040,0,0.0032861931870704357
8041,1,0.6839188330413989
8042,0,0.2493993702005302
8043,0,0.08147882116234638
8044,1,0.8331829565364091
8045,1,0.14111380742390014
8046,0,0.00946794066887451
8047,0,0.0009109504370900477
8048,0,0.1542573151971015
8049,0,0.00629864543243067
8050,0,0.004834521458128187
8051,0,0.0012891038600717285
8052,0,0.009173682245690548
8053,0,0.06745935190484005
8054,0,0.5669679130714308
8055,0,0.03002265389717581
8056,0,0.8089352269948045
8057,0,0.00502445541560765
8058,0,0.47564344831420335
8059,1,0.9179501789851164
8060,0,0.011181633022189249
8061,1,0.3193536961266971
8062,0,0.2587075018436673
8063,0,0.005173225627737101
8064,1,0.9273410441487805
8065,0,0.7911905863230001
8066,1,0.9019614978103325
8067,1,0.7481922175401504
8068,0,0.0292786304757931
8069,0,0.0029653219915027527
8070,0,0.19892707403474136
8071,1,0.7242742725808361
8072,0,0.007795805582854053
8073,0,0.11265259966978078
8074,1,0.6997036585253841
8075,0,0.022175193428899415
8076,0,0.15290159544761847
8077,0,0.004360563462972305
8078,0,0.0031974369913535102
8079,0,0.15565631647352635
8080,0,0.5857750541543452
8081,0,0.03500654234906287
8082,1,0.9174908673584975
8083,1,0.6653520476278127
8084,0,0.0752235000969608
8085,0,0.038514571747719904
8086,0,0.011560969740720578
8087,0,0.016149075304094422
8088,0,0.22122401205784264
8089,0,0.026864641115489057
8090,0,0.03673252991018381
8091,1,0.8592396438325045
8092,0,0.02602070593075335
8093,0,0.004247432199266229
8094,0,0.6240745439403053
8095,0,0.005883429649610202
8096,0,0.10432704939728814
8097,0,0.059760597040889374
8098,0,0.7409996811024644
8099,0,0.00616286361928271
8100,0,0.019888022172344
8101,0,0.4255783702388654
8102,0,0.0011689175145734162
8103,1,0.966204727919638
8104,0,0.003181639542319268
8105,0,0.011139604274942282
8106,0,0.015429440553793677
8107,0,0.11894948775191821
8108,1,0.9719927228437172
8109,1,0.5796972666299588
8110,1,0.8987367035518072
8111,0,0.035071675156653624
8112,1,0.7948203553220669
8113,1,0.7104226308082069
8114,0,0.43645814097658236
8115,1,0.9201002917969149
8116,0,0.6309810440631396
8117,0,0.017551122846227892
8118,0,0.1318256890167269
8119,1,0.4924391110297145
8120,0,0.8877469680530226
8121,0,0.013277883747682073
8122,0,0.022873087595130764
8123,0,0.04974051231461188
8124,0,0.017200578357777784
8125,1,0.9673887785180625
8126,1,0.7161471751688796
8127,1,0.9242705826800275
8128,0,0.008000036385900139
8129,0,0.003884584918650236
8130,0,0.0031155541522680354
8131,1,0.7322273054076276
8132,0,0.058067614696269816
8133,1,0.938228334808325
8134,0,0.048610739575938644
8135,0,0.002055783670684399
8136,0,0.021921291447656924
8137,1,0.2247642353335943
8138,0,0.37657270509293206
8139,0,0.04963253395983422
8140,0,0.008878346463352163
8141,0,0.009046998091895195
8142,1,0.794444766858794
8143,1,0.8848268569864174
8144,1,0.8271475368513935
8145,0,0.15682196156540545
8146,0,0.0065218145703113016
8147,0,0.5079032975198665
8148,0,0.003611267244669682
8149,0,0.01770582664239228
8150,0,0.32617314655698887
8151,1,0.9050134685856192
8152,1,0.8344796166902271
8153,1,0.7929794438639961
8154,0,0.008483829351667804
8155,1,0.9105339268081534
8156,1,0.8984842166361078
8157,1,0.9554021076329227
8158,0,0.013150337283141066
8159,0,0.25526053428917095
8160,1,0.9174390028134015
8161,0,0.10082522220938157
8162,0,0.12465694725662699
8163,0,0.018238703151992067
8164,0,0.11776763746875628
8165,0,0.005478825430827125
8166,1,0.9330319402583608
8167,1,0.6515667320365823
8168,0,0.013163614304691637
8169,0,0.574037744612156
8170,1,0.940532068009286
8171,0,0.00939316257968717
8172,0,0.016969853340148684
8173,0,0.5940055675311993
8174,0,0.004477251647788459
8175,0,0.03389249707746692
8176,0,0.0017921243254733843
8177,0,0.007072059397532448
8178,0,0.009633518673760812
8179,0,0.0005806421465534274
8180,1,0.8936504482317389
8181,0,0.045236621737292954
8182,0,0.009443983691380818
8183,1,0.8951934109205777
8184,0,0.9288824160310908
8185,0,0.16885131593276884
8186,0,0.002858173342934704
8187,0,0.015717401677832022
8188,0,0.5036885637102383
8189,1,0.9098922303363436
8190,1,0.9362653246224999
8191,1,0.8290999429138285
8192,1,0.8940254150098327
8193,0,0.0022097829379166497
8194,1,0.6015063546121596
8195,1,0.5903485390074682
8196,0,0.7070883588052257
8197,0,0.014319715275937147
8198,0,0.024433508260939953
8199,0,0.004961530748784958
8200,0,0.0031561130088477584
8201,1,0.9069401138871043
8202,0,0.03389910957606328
8203,0,0.36625655697414844
8204,0,0.04961980102403384
8205,0,0.3011686311532593
8206,0,0.3569788576902147
8207,1,0.9250028904627661
8208,0,0.5693601151723849
8209,0,0.06971954495764655
8210,0,0.531212055811078
8211,1,0.7153058033651849
8212,0,0.3263867668144436
8213,0,0.09082794070023072
8214,0,0.0032016992689018107
8215,1,0.5992986025284517
8216,1,0.49220619255682774
8217,0,0.027183957327267694
8218,0,0.7648436069625353
8219,0,0.032315541137761014
8220,1,0.8563476604035577
8221,0,0.04173299415844022
8222,0,0.007968673511611417
8223,0,0.0022220830062536657
8224,1,0.15268827981089111
8225,1,0.89946791474664
8226,0,0.005728866057585873
8227,1,0.1995073291232657
8228,0,0.017688306193161786
8229,0,0.18882034755299965
8230,0,0.7134444495809509
8231,1,0.9187450530650988
8232,0,0.008813710720839817
8233,0,0.9087875398655868
8234,0,0.8928493190106152
8235,0,0.23691201846251447
8236,1,0.4723552210498248
8237,0,0.3367617705779137
8238,0,0.006573067951067858
8239,1,0.8386244148509205
8240,1,0.8020524090000266
8241,1,0.9610147691359212
8242,1,0.8513782854098715
8243,1,0.11934125141361407
8244,1,0.8947726979304353
8245,1,0.5364043281981065
8246,0,0.015799486249459
8247,0,0.004922994979964309
8248,0,0.33079691199977723
8249,1,0.7057627286334314
8250,0,0.030611605959047543
8251,0,0.0025516747286850644
8252,0,0.0027913951046677392
8253,0,0.0052217637669700594
8254,0,0.002248361498604979
8255,1,0.8555550749376708
8256,1,0.8833407386435661
8257,1,0.7982541929253153
8258,0,0.09085170235754127
8259,0,0.038904951663905486
8260,0,0.801397195835033
8261,0,0.014673797190354661
8262,0,0.13059338552092023
8263,1,0.6570123628082518
8264,0,0.02373369765331768
8265,1,0.044288762932587024
8266,0,0.6519595775340402
8267,0,0.002378862892985475
8268,0,0.03691403947860228
8269,0,0.021790278301015997
8270,1,0.6948334221801347
8271,0,0.8508957999734735
8272,0,0.002372498935372254
8273,0,0.8804852499843125
8274,0,0.007679407972667129
8275,0,0.006221713494237769
8276,1,0.9235040206185504
8277,0,0.06731205635024809
8278,0,0.675288440277864
8279,0,0.043458225089079185
8280,1,0.86007057365105
8281,0,0.008814255661111974
8282,0,0.005857867160340853
8283,1,0.8500315383747986
8284,0,0.8902631767096141
8285,0,0.11248912052580352
8286,0,0.059857200507796575
8287,0,0.044925349829417524
8288,0,0.9610492759580435
8289,0,0.05224478892342225
8290,0,0.9107271004783279
8291,1,0.02375394068756086
8292,0,0.00819753735409204
8293,0,0.02602496371765242
8294,1,0.460490615567139
8295,0,0.7658068875035158
8296,0,0.006524381630693203
8297,0,0.2651555442511096
8298,0,0.057404680510570676
8299,0,0.7382890839335731
8300,1,0.564585230174127
8301,0,0.20062881347121897
8302,0,0.028789736677902626
8303,0,0.13168178903972033
8304,0,0.0019404752131023436
8305,0,0.020205124210759148
8306,0,0.4035062188954817
8307,1,0.7001009239531076
8308,0,0.3777905280459927
8309,1,0.5747002255690743
8310,1,0.9763171172973815
8311,0,0.20025172233406868
8312,0,0.26626299702463835
8313,1,0.28702612909088654
8314,0,0.0016835201750490872
8315,0,0.019545331677887818
8316,0,0.9132081607692453
8317,1,0.5898466950308062
8318,0,0.07836330158655394
8319,1,0.8128917648816665
8320,0,0.9616832293808087
8321,0,0.024008704190338247
8322,0,0.0026793912886652893
8323,0,0.005421823767441771
8324,1,0.7570710798553804
8325,1,0.9126232953787751
8326,0,0.3529791856156139
8327,1,0.6706399923238089
8328,0,0.008928362292048029
8329,0,0.009459104483499639
8330,1,0.8909297193411777
8331,1,0.8115834382842118
8332,0,0.053982307301936525
8333,0,0.8957464696077648
8334,0,0.1248638581238183
8335,1,0.8767406431022979
8336,1,0.838704790000901
8337,0,0.13343168120682736
8338,1,0.9664777558963155
8339,1,0.5464530774190084
8340,0,0.0007773575777197987
8341,0,0.005695425479017356
8342,0,0.022387622389118254
8343,0,0.011987069222625256
8344,0,0.0038467132429262085
8345,0,0.020005885867426312
8346,0,0.001018659206434816
8347,1,0.8892012356510097
8348,0,0.03914773050315917
8349,0,0.24499936140949174
8350,1,0.3629097489200129
8351,0,0.05317103429245431
8352,0,0.06583307924492147
8353,0,0.03565809761815175
8354,0,0.0030591013152505005
8355,0,0.0054804552893476625
8356,1,0.8935786230108518
8357,0,0.7001123847088413
8358,0,0.6851847449861399
8359,0,0.04302126249786406
8360,0,0.2520176003078714
8361,0,0.0026403333116280883
8362,0,0.03405485580098937
8363,1,0.8732788806380537
8364,0,0.03473594385757591
8365,0,0.17577568315260494
8366,0,0.1427347747031482
8367,0,0.5693724243594138
8368,0,0.015253724807879053
8369,0,0.05159495867945478
8370,1,0.6192481808260841
8371,1,0.9197304569213627
8372,0,0.024891587604290964
8373,0,0.028426100080259135
8374,0,0.0024348849028242286
8375,0,0.8575115412137668
8376,1,0.6573176073138185
8377,0,0.041308528961568926
8378,0,0.01052004024427497
8379,0,0.00850589051092271
8380,0,0.06308935655667103
8381,0,0.34750745920957493
8382,0,0.0009103537348389707
8383,0,0.003784030424163454
8384,1,0.7339054100620507
8385,1,0.9683096592728312
8386,1,0.32713747421840883
8387,0,0.2750746212915137
8388,1,0.8928055868276641
8389,0,0.052698493921502484
8390,0,0.033393923782497996
8391,0,0.8320083779722665
8392,1,0.9240662264140668
8393,0,0.003668087189757056
8394,1,0.709389469418414
8395,1,0.5771911045850721
8396,0,0.09930919862720594
8397,1,0.8882265307096002
8398,0,0.0583030653880824
8399,1,0.7882312388097927
8400,1,0.8778070476220383
8401,0,0.24416795692932597
8402,1,0.7893377653081635
8403,1,0.8115817088797448
8404,1,0.55426148683984
8405,0,0.0625595984355409
8406,0,0.10137092304023765
8407,0,0.2298995209394421
8408,0,0.8838601897653997
8409,1,0.8789665035533843
8410,1,0.6668043685705835
8411,0,0.040421645626956285
8412,0,0.01307919243453794
8413,1,0.7513290709610161
8414,0,0.6108297578286116
8415,0,0.10953594030152723
8416,0,0.02334898306857251
8417,0,0.8797510016277962
8418,0,0.012400332508239697
8419,0,0.008360139558269707
8420,0,0.1831636576040805
8421,1,0.7545725463462188
8422,1,0.9242403500682843
8423,1,0.7298971199559068
8424,1,0.892308684417614
8425,0,0.040425565274101606
8426,0,0.7261359617706062
8427,0,0.002884320209353061
8428,0,0.020877252696356114
8429,0,0.6328193896490315
8430,0,0.09555927376324254
8431,1,0.5374881224336763
8432,0,0.008599813034958258
8433,1,0.8547823975783863
8434,0,0.23017079966379766
8435,0,0.005992501672981756
8436,0,0.07810624381580843
8437,1,0.5615445362712772
8438,0,0.01515325532281954
8439,1,0.8587683768475506
8440,0,0.008764596226447915
8441,1,0.41214682868049074
8442,1,0.8458049319932311
8443,0,0.5132524134824847
8444,1,0.9454157469861514
8445,0,0.4830935091602205
8446,0,0.016095099204169606
8447,1,0.8476757907436344
8448,0,0.04324532330742085
8449,0,0.534499121081037
8450,0,0.02275853461894073
8451,1,0.9034288571634873
8452,1,0.655031112037862
8453,0,0.5795360559173794
8454,0,0.47804584435692504
8455,1,0.8137175774415123
8456,0,0.012215819721758218
8457,0,0.016578808510678108
8458,0,0.12251838822764573
8459,1,0.8226650106448224
8460,0,0.0807557482441859
8461,1,0.534112100502595
8462,0,0.01070378755478293
8463,1,0.7690306994511167
8464,1,0.756912078742445
8465,0,0.002273410477095335
8466,1,0.7249866470355311
8467,0,0.1605053326709116
8468,1,0.8972751597422615
8469,0,0.357601801533361
8470,0,0.22584517383914915
8471,1,0.9247412985764252
8472,0,0.028068250632118298
8473,1,0.33360580332355994
8474,0,0.2699314746055364
8475,0,0.08754354189478274
8476,0,0.003760921185007061
8477,1,0.9064561844124687
8478,0,0.019665790717271477
8479,1,0.0624135884919651
8480,1,0.9111485634331582
8481,0,0.009342712487082877
8482,1,0.876128888492448
8483,0,0.009333484485123047
8484,1,0.9820223036985821
8485,1,0.5463834007204132
8486,0,0.007884549867991657
8487,0,0.002521973920494248
8488,0,0.032782905686560865
8489,0,0.012988390611506388
8490,0,0.008657149521456641
8491,1,0.901615823386003
8492,1,0.38689784960602985
8493,1,0.6904648880225093
8494,1,0.7246315902062563
8495,1,0.8567182575665183
8496,1,0.6356580040635804
8497,1,0.43967711760608885
8498,0,0.12606042358223596
8499,1,0.716300758540372
8500,0,0.0071540880092437545
8501,0,0.018235363907013497
8502,1,0.9279215816393281
8503,1,0.8477531136505282
8504,0,0.008160357557600017
8505,1,0.85982474710344
8506,1,0.42568080689485666
8507,1,0.7012550952245772
8508,0,0.006679675962100485
8509,0,0.08726267891140019
8510,0,0.003802375942577179
8511,1,0.8322279603745484
8512,1,0.6873748413254092
8513,1,0.9488556742180554
8514,1,0.9006837283891261
8515,0,0.005951807844384622
8516,1,0.8691158727448048
8517,1,0.2685534147314691
8518,0,0.03402461264991796
8519,0,0.1570761731434496
8520,1,0.8882789034885652
8521,0,0.16463453180818782
8522,1,0.7914982722828061
8523,0,0.5881287012770097
8524,0,0.014434640511737741
8525,1,0.169529124976874
8526,0,0.000919639563062851
8527,1,0.7265623455146234
8528,0,0.7512599747879563
8529,0,0.12035287954829492
8530,1,0.7812373508629581
8531,1,0.9597276666433138
8532,1,0.6322210681609779
8533,0,0.024846060055283718
8534,1,0.9103743267431603
8535,0,0.11662495715580565
8536,0,0.24025988303658807
8537,0,0.9341093062081314
8538,0,0.0030646246752688957
8539,0,0.14645212827660328
8540,0,0.03277175567813421
8541,0,0.20336472551550075
8542,1,0.9662414700951512
8543,0,0.07860261009766292
8544,0,0.7934531771457038
8545,1,0.8698123380265547
8546,0,0.021675971092880726
8547,0,0.04951400417338387
8548,0,0.015459834677167293
8549,0,0.007426640334364573
8550,1,0.8463334099950239
8551,1,0.17391062987371875
8552,1,0.4298279881802489
8553,1,0.8195733038702538
8554,0,0.004438628544085183
8555,1,0.9294388205536541
8556,0,0.0654126336774382
8557,0,0.06452808749339413
8558,0,0.010576929318398601
8559,1,0.7381044530976046
8560,0,0.020979242062765604
8561,0,0.004816020384459708
8562,1,0.9594633974079337
8563,1,0.20983589807506225
8564,0,0.6821562990028905
8565,0,0.9741882046827448
8566,0,0.6711509252465602
8567,0,0.8382633756018725
8568,0,0.006865984333780854
8569,1,0.649293925792028
8570,0,0.0014080005514366229
8571,0,0.03542512153179832
8572,0,0.8529855119560609
8573,0,0.027096636795599552
8574,1,0.801414856639537
8575,1,0.9015628179858698
8576,1,0.909513666219168
8577,0,0.5848266804695423
8578,1,0.8176348521689633
8579,0,0.004221551433313999
8580,0,0.04421204863426043
8581,1,0.7976878403267115
8582,0,0.013861597977479077
8583,0,0.7349444998360809
8584,0,0.05303175512001537
8585,1,0.9341060133353314
8586,1,0.931712612159852
8587,0,0.4086002528144595
8588,0,0.0067956321107806306
8589,1,0.863509664330144
8590,1,0.8887611137851932
8591,1,0.8319026140384636
8592,0,0.12002589058884647
8593,1,0.8193114174283078
8594,1,0.7718871142879271
8595,1,0.9032613333757236
8596,1,0.9377647919923411
8597,0,0.004157413700786729
8598,0,0.0439840005959853
8599,1,0.42725163297361535
8600,0,0.01572454667768204
8601,0,0.009422262709396481
8602,0,0.022663811714332297
8603,1,0.9085311811841544
8604,0,0.06540868698897073
8605,0,0.19119195724169885
8606,0,0.8511608429912503
8607,0,0.7311117706014482
8608,1,0.7759817347634448
8609,0,0.015611841129389068
8610,0,0.007843617662378403
8611,1,0.9797248064276576
8612,0,0.1805120709858628
8613,0,0.045371519027059014
8614,0,0.00259708415357639
8615,1,0.9181460846842607
8616,0,0.286060715245519
8617,1,0.4798025120493883
8618,0,0.02075026646416888
8619,1,0.5181389799592375
8620,0,0.002454092124443461
8621,0,0.2054897771541973
8622,1,0.8803502011939656
8623,0,0.023733176004119158
8624,1,0.7325542993647637
8625,1,0.33321985312701885
8626,1,0.8640251816139511
8627,0,0.002070377234392507
8628,0,0.86636465247252
8629,1,0.889392731247259
8630,0,0.9565068719336783
8631,0,0.3551005275950564
8632,1,0.48782316368419487
8633,1,0.6547735882164143
8634,0,0.030499250619043544
8635,1,0.9132061214488516
8636,1,0.6796586844737369
8637,0,0.010751511721232477
8638,0,0.012654574218551703
8639,0,0.07246135910396856
8640,1,0.8735894894877381
8641,0,0.001331675162483749
8642,0,0.005039909762620504
8643,1,0.7319961388947929
8644,1,0.7887639193460372
8645,0,0.81801585701723
8646,0,0.21333022659069314
8647,1,0.9560335327049265
8648,0,0.10940218083877327
8649,0,0.0036881455435601755
8650,1,0.5727646701107886
8651,1,0.18377678931509384
8652,0,0.0833350332428557
8653,1,0.013210406949220686
8654,1,0.7162247669501077
8655,1,0.8846003216262426
8656,1,0.7924492031167689
8657,0,0.4509439112069526
8658,0,0.4932771475288465
8659,1,0.8781045966562498
8660,0,0.004211744533187941
8661,0,0.0038796976756764624
8662,1,0.9372841194785173
8663,0,0.07793952324375761
8664,1,0.8905841792335745
8665,1,0.7044293069385907
8666,1,0.9419505469936541
8667,0,0.009059904766892703
8668,0,0.2418464803717786
8669,0,0.34813464280443673
8670,1,0.54921956459776
8671,0,0.017259369599949323
8672,0,0.060494989834425104
8673,0,0.008251590712420417
8674,0,0.21723741668727115
8675,0,0.034287579537280094
8676,1,0.7556475533086775
8677,0,0.09490388187099898
8678,1,0.8435186775689016
8679,0,0.009235293655048419
8680,0,0.0012102431655853165
8681,0,0.3443997197398707
8682,0,0.09151007585528674
8683,1,0.9139561316972062
8684,1,0.13664559700632292
8685,1,0.8116544947729383
8686,1,0.8694746699619378
8687,0,0.01728547934137253
8688,1,0.7884607334552719
8689,0,0.010678903838625619
8690,0,0.11216702907249601
8691,0,0.008867475720850131
8692,0,0.11323405851015425
8693,0,0.04065044173977082
8694,1,0.8012838764869092
8695,0,0.00904335103162834
8696,1,0.7574527548055465
8697,1,0.7252858513603135
8698,1,0.8914088724662245
8699,0,0.09269795839251802
8700,0,0.011585803153673434
8701,1,0.8923788019090917
8702,0,0.002332689408007305
8703,0,0.08663311109877196
8704,1,0.8724976014190219
8705,1,0.9685185399451843
8706,1,0.6789746030773436
8707,0,0.34633923095227925
8708,1,0.8485356830035775
8709,0,0.011758952075624118
8710,0,0.0013371957489219037
8711,0,0.2391961094100692
8712,0,0.16678358013709316
8713,0,0.00692746188045737
8714,1,0.7036165199609694
8715,0,0.04937835414463656
8716,0,0.009735811574656219
8717,1,0.9504388267024957
8718,0,0.5904413754363032
8719,0,0.0848410647745392
8720,0,0.008683216656936978
8721,0,0.009390722045401948
8722,0,0.01892790248408259
8723,1,0.8971182482772648
8724,0,0.08693870320141406
8725,0,0.013110038411094404
8726,0,0.012600004372860301
8727,0,0.5910895518106325
8728,1,0.9119138065455656
8729,0,0.18675108613110777
8730,1,0.7268461887044129
8731,0,0.6503974408246864
8732,1,0.8018362773792037
8733,1,0.8015465284875858
8734,0,0.009281620912489122
8735,0,0.12864620066170881
8736,1,0.9269482553111704
8737,0,0.7148917574075395
8738,0,0.11344860556163656
8739,0,0.008678657237864037
8740,0,0.2624567499446967
8741,1,0.6069495181354174
8742,0,0.11519116554354805
8743,1,0.11712305972097625
8744,0,0.03147245540038787
8745,1,0.6649035112328785
8746,0,0.02567854763886289
8747,0,0.027711129694032055
8748,0,0.002468565313204927
8749,1,0.4271739195368087
8750,1,0.8918567758219114
8751,0,0.7825200203870956
8752,0,0.020427276086390094
8753,0,0.04294173101195442
8754,1,0.827361843810084
8755,0,0.3559446703367667
8756,0,0.0032298235361628287
8757,0,0.003557246407762997
8758,0,0.002843881843611899
8759,0,0.042899044106244864
8760,0,0.8012663745332718
8761,1,0.7570637344578683
8762,1,0.7894506839969457
8763,0,0.003673084655069304
8764,1,0.7624449844032899
8765,0,0.04263321336869065
8766,1,0.8120525866527113
8767,0,0.0031827535720792043
8768,0,0.03865248685275134
8769,1,0.8179682758242054
8770,0,0.005710646166481217
8771,1,0.6605788521637036
8772,0,0.004291426119203193
8773,1,0.8564727903928295
8774,1,0.6977842524666289
8775,0,0.0075768236325916396
8776,1,0.9591679861536293
8777,0,0.001868219220990959
8778,1,0.9727111301679712
8779,1,0.9405170962983942
8780,0,0.05570189772847883
8781,0,0.036064553839902945
8782,0,0.007775777293669156
8783,0,0.009187076792647554
8784,1,0.9489870372094681
8785,0,0.21958770066991828
8786,0,0.01716358149654527
8787,0,0.10924185050144958
8788,0,0.04133118958132809
8789,0,0.025903231877507732
8790,0,0.8920067829684476
8791,0,0.01932261281448223
8792,0,0.02405521156896145
8793,0,0.016483841534800314
8794,0,0.008108855241541358
8795,0,0.001988964092808372
8796,0,0.11831795406134743
8797,0,0.010275245587979683
8798,0,0.038802993277889775
8799,1,0.5492972561718961
8800,0,0.0025447799202450738
8801,1,0.9688480395285801
8802,0,0.00879923852918936
8803,0,0.1230946157843271
8804,1,0.9601993362419021
8805,0,0.01918318776059038
8806,1,0.8694713292016149
8807,0,0.020010611612432925
8808,0,0.08142855753754859
8809,0,0.010417128483653617
8810,1,0.9437635529318582
8811,0,0.005855698849045399
8812,1,0.812908075412416
8813,0,0.9043001067369321
8814,0,0.2039891126030827
8815,1,0.8571838627105559
8816,0,0.053150179954737864
8817,0,0.03689636474318854
8818,0,0.0028085403433877275
8819,0,0.07288573895375496
8820,0,0.10645075177901256
8821,0,0.010528728922044246
8822,0,0.011713709537960963
8823,0,0.8836787311788382
8824,0,0.12861912059744085
8825,1,0.8023217839472422
8826,1,0.730678114300745
8827,1,0.9716881586464358
8828,0,0.04986672048261478
8829,0,0.0698205812955758
8830,1,0.9702647901060407
8831,1,0.7891482714352968
8832,1,0.7943975165205701
8833,0,0.01019539448557706
8834,1,0.8541420055344457
8835,1,0.7361304509018914
8836,0,0.21584702665584926
8837,0,0.00884508265783581
8838,0,0.7510182085090592
8839,1,0.7631862208945992
8840,0,0.5780255486611094
8841,0,0.04054368515278825
8842,0,0.780821753244508
8843,0,0.043332631184400824
8844,0,0.9090155079152861
8845,1,0.8724385196986234
8846,0,0.032336418133974275
8847,0,0.14288495935867365
8848,1,0.7216431393879553
8849,0,0.08274973473622452
8850,0,0.009178447344726268
8851,0,0.12963651268814283
8852,0,0.1875448590433901
8853,0,0.031190307530561887
8854,0,0.0008703630189172147
8855,0,0.008987666931586487
8856,0,0.005794629309204602
8857,0,0.9206929066140886
8858,1,0.9066256548228373
8859,1,0.878567869009743
8860,0,0.04790695417064093
8861,1,0.8528391267202892
8862,0,0.10748442188754914
8863,0,0.2763379871021731
8864,0,0.01215843774515377
8865,0,0.12378262464979548
8866,1,0.721265228766726
8867,1,0.735873246395951
8868,0,0.007378792654670037
8869,0,0.14297675425179818
8870,0,0.02404719772563252
8871,0,0.035096264451372795
8872,1,0.9177915404038354
8873,0,0.0012878723446229105
8874,1,0.9030586567895786
8875,1,0.3943800478023486
8876,0,0.03476684565354728
8877,1,0.7287078217202916
8878,0,0.008029218098681174
8879,0,0.024637213212854725
8880,0,0.023069047181620346
8881,0,0.08420705315241021
8882,0,0.10376289674054676
8883,0,0.03381402754167346
8884,1,0.8157198378657577
8885,0,0.006155898898772066
8886,0,0.2764514049167257
8887,1,0.5382248122550425
8888,1,0.23253551941826672
8889,1,0.6568824151474683
8890,0,0.05082893881221562
8891,0,0.09833954981303211
8892,1,0.6010463986769669
8893,0,0.11198137678221291
8894,0,0.04295135894091143
8895,1,0.8490667518620761
8896,1,0.6425018698163193
8897,1,0.8879847769159093
8898,1,0.5870295923069117
8899,0,0.2142973313286128
8900,0,0.02932328583546691
8901,0,0.55825383739824
8902,1,0.8481242166478258
8903,1,0.24801929158902633
8904,1,0.8718965349950352
8905,0,0.21577752576912762
8906,0,0.8603600656298531
8907,0,0.03322114895185914
8908,1,0.8212485693767094
8909,1,0.4041369709063829
8910,1,0.9649557637788053
8911,0,0.016605432629866246
8912,0,0.010356275046539172
8913,0,0.0022193517865457405
8914,0,0.32956598605457427
8915,0,0.17238977286225732
8916,0,0.04675376324919294
8917,0,0.11687747159034576
8918,0,0.03807303380125235
8919,0,0.009916543242773931
8920,1,0.3953222292333155
8921,1,0.7287107380540239
8922,0,0.22034849196151712
8923,0,0.005826008968606103
8924,1,0.7151733626046674
8925,0,0.025841355883941278
8926,0,0.012938184650128071
8927,1,0.39291370931977865
8928,1,0.902773044168334
8929,0,0.023006429078703615
8930,0,0.05220029755478958
8931,0,0.06183203989898486
8932,0,0.027672393295031697
8933,0,0.039683027609977474
8934,1,0.7554400044695129
8935,0,0.013502630646202057
8936,0,0.7649244865745805
8937,0,0.04446640511954418
8938,1,0.2854269377079766
8939,0,0.19553461946029338
8940,0,0.71076758012341
8941,0,0.006395169656908305
8942,0,0.8867538878944687
8943,1,0.9417981667942108
8944,1,0.7908543014207213
8945,0,0.07530853643671112
8946,0,0.8117011527144141
8947,0,0.018619504934588638
8948,1,0.5752073260546972
8949,1,0.9091136782916974
8950,0,0.8589744889568223
8951,1,0.8786144427704512
8952,1,0.9331564723023483
8953,0,0.4603480109093799
8954,1,0.906177655334218
8955,0,0.0629594407242946
8956,0,0.6158015244497058
8957,1,0.5652898286268551
8958,0,0.7844435640788936
8959,0,0.00552707914382678
8960,0,0.009962211298275
8961,0,0.009210988836254468
8962,0,0.06786583062640453
8963,0,0.5708329277532788
8964,0,0.003884158800006467
8965,1,0.6170516623634311
8966,1,0.9172466237889942
8967,0,0.07869113866542968
8968,0,0.025602120922926005
8969,0,0.22780042857927843
8970,0,0.0005960110384657024
8971,1,0.8984449898951942
8972,1,0.7413624413594984
8973,0,0.06600553543267193
8974,1,0.8519192863764253
8975,0,0.024281942654173584
8976,1,0.7898998032489339
8977,1,0.6743119206904655
8978,0,0.005197247611003918
8979,0,0.05853172030390641
8980,0,0.028875774017927642
8981,0,0.000980843520616057
8982,0,0.038244276147548564
8983,0,0.1914601190579926
8984,1,0.9488749741447557
8985,1,0.9159266215572831
8986,0,0.1639971657842947
8987,1,0.8289737880051817
8988,0,0.5819130535555865
8989,1,0.26683910541882394
8990,0,0.001428453560961579
8991,0,0.5534415339088028
8992,0,0.1056560113192311
8993,0,0.6256223204603518
8994,0,0.030136906626817367
8995,0,0.6069189311251362
8996,1,0.7704171898777035
8997,1,0.9655656158385906
8998,0,0.6380408906199198
8999,0,0.15819498156218206
9000,0,0.08535724918275875
9001,0,0.24616000904039922
9002,0,0.0488495777446126
9003,0,0.014626394927991442
9004,0,0.49673896650504107
9005,0,0.14236002916785867
9006,0,0.004376611712114848
9007,1,0.8576006321560801
9008,1,0.9468694980130715
9009,0,0.00421264410147096
9010,0,0.21860384838646083
9011,0,0.41467579857346937
9012,0,0.911415848044442
9013,0,0.007564349860405021
9014,0,0.08234741259538444
9015,0,0.03216181844058374
9016,1,0.8042070815124368
9017,0,0.008116723450179969
9018,0,0.6399814639550551
9019,0,0.005120073073415382
9020,0,0.05770959247383864
9021,1,0.5480548166104512
9022,0,0.005804851868304969
9023,1,0.9217737408419931
9024,1,0.5450615088520794
9025,1,0.9500613130326867
9026,1,0.7347061632211578
9027,1,0.9148253399527474
9028,0,0.939530374918679
9029,1,0.941813483154284
9030,0,0.012050955834189062
9031,1,0.9440092231799622
9032,0,0.149560030317329
9033,0,0.04403699525096544
9034,0,0.003875054464951978
9035,0,0.7128507972495244
9036,0,0.008767903592950124
9037,0,0.28521904838461803
9038,1,0.7070853022695992
9039,0,0.02323229590545241
9040,0,0.2398498616385095
9041,0,0.22051323833498318
9042,0,0.11874541357210491
9043,0,0.11427693405444656
9044,1,0.23302984798129264
9045,0,0.03019051353560744
9046,1,0.6192470020963453
9047,0,0.01023642717111085
9048,1,0.7609001285691344
9049,0,0.004339787672311125
9050,1,0.97006070960446
9051,1,0.7372822690139836
9052,0,0.06704202660411424
9053,0,0.36275258137549704
9054,1,0.932765201671928
9055,1,0.6992451616183254
9056,0,0.6192271209194827
9057,1,0.8885830505394254
9058,1,0.8316824642080477
9059,0,0.8932887722959661
9060,0,0.022138475384993833
9061,1,0.7644794617086172
9062,1,0.9405251548225428
9063,0,0.21288226418369496
9064,1,0.874793016091556
9065,0,0.08191398613722642
9066,0,0.016585794147432286
9067,0,0.3277339685024676
9068,0,0.8656860191581983
9069,0,0.12237688134616961
9070,1,0.9456478466005787
9071,0,0.10189658297774169
9072,1,0.9251801263199271
9073,1,0.0035040483322312716
9074,0,0.30655132422895853
9075,1,0.26236578108771536
9076,1,0.85245945008987
9077,1,0.9218434366040347
9078,1,0.6757855917444331
9079,1,0.9598534564035298
9080,1,0.7212548880012848
9081,0,0.06581100881352975
9082,0,0.3439924285418252
9083,0,0.004041123391729316
9084,0,0.21806374124788927
9085,0,0.6297427481443053
9086,0,0.12404704419254602
9087,0,0.0059284052730569844
9088,1,0.4115754758765201
9089,0,0.03881365997163162
9090,0,0.0027748167141753814
9091,1,0.9152335095863812
9092,0,0.11445925455092344
9093,0,0.01992735555979046
9094,1,0.8389716804861254
9095,0,0.6269454997102615
9096,1,0.718415277446848
9097,1,0.8643756632566422
9098,1,0.37006146756552116
9099,1,0.7873445287711883
9100,0,0.0030404793738000617
9101,0,0.020094621679117422
9102,0,0.007881783673383753
9103,0,0.030793786427387032
9104,0,0.0414164980151163
9105,0,0.7178585534079339
9106,1,0.8921804783310213
9107,1,0.5534886206540804
9108,1,0.4149751545778867
9109,0,0.042375320632751415
9110,0,0.005729943223871218
9111,1,0.8589813998061527
9112,0,0.47245188897172824
9113,1,0.6292441710265765
9114,0,0.9237954206888479
9115,0,0.010877585461731494
9116,0,0.19997204875492097
9117,0,0.39845646763591624
9118,0,0.011882630173180364
9119,0,0.537080707869697
9120,0,0.8000475270658564
9121,1,0.9070727955302207
9122,0,0.004242712540119959
9123,1,0.9319683871770948
9124,0,0.026996037193057165
9125,1,0.3511004916390942
9126,0,0.024729846954654466
9127,0,0.10296573172794046
9128,0,0.008033659008233595
9129,1,0.8173584534639005
9130,1,0.9133808471859239
9131,1,0.835995453349863
9132,0,0.5367135851760255
9133,1,0.31696835700296644
9134,1,0.6759504094933588
9135,1,0.5492223876953571
9136,0,0.0019646907191027217
9137,1,0.9376533492896607
9138,0,0.008886822065638397
9139,1,0.8208503368090252
9140,0,0.006768660244309098
9141,1,0.9002273350879675
9142,0,0.1799559501570673
9143,1,0.785732072246706
9144,0,0.004680651109166885
9145,1,0.7975149823054274
9146,0,0.6744325105039186
9147,0,0.010988158243031336
9148,0,0.0023295962478655395
9149,1,0.8959378374177017
9150,0,0.7310532853033047
9151,0,0.048365076877385504
9152,1,0.8844388315746141
9153,1,0.9298554918630071
9154,0,0.015999753372539352
9155,0,0.003320324159149685
9156,0,0.9557303595517918
9157,0,0.04919008642141408
9158,1,0.9414049202515528
9159,0,0.6725019887583282
9160,0,0.0022196354311232657
9161,0,0.05033499833294383
9162,1,0.9344729296010862
9163,0,0.2466761757863029
9164,0,0.42327326828980055
9165,1,0.8793759447103369
9166,1,0.9162199195091896
9167,0,0.10156424320566616
9168,0,0.004054468244248113
9169,0,0.003302797023090822
9170,0,0.7686630752128935
9171,0,0.016099159721800895
9172,1,0.7336943204765589
9173,0,0.3393423703084465
9174,0,0.005713035858935567
9175,0,0.008378042408732272
9176,1,0.40836257917179686
9177,1,0.9183177289938103
9178,0,0.00727007164514919
9179,0,0.023104296043354802
9180,0,0.024578888603879006
9181,0,0.01681172445039067
9182,0,0.05470649469620664
9183,0,0.2586102228878823
9184,1,0.8837869454321545
9185,1,0.9276700245895024
9186,0,0.011593610065215016
9187,0,0.0008491258372355315
9188,0,0.027213491685748305
9189,1,0.2992379597098994
9190,0,0.006582357108639766
9191,1,0.9516725476375347
9192,1,0.7875976325622369
9193,0,0.006507175329879657
9194,0,0.007442863758259461
9195,0,0.01693779524834838
9196,0,0.1995509480984698
9197,0,0.009497959036214337
9198,1,0.6538749852974588
9199,0,0.018325637539962747
9200,0,0.9157337662186885
9201,0,0.6941953503648046
9202,0,0.010276282691323255
9203,0,0.013762167591501218
9204,0,0.09884701317421335
9205,1,0.9067642199782038
9206,0,0.10212276544923532
9207,0,0.0068503340793655415
9208,1,0.8866615718603769
9209,1,0.9542828505166697
9210,0,0.49981544175483933
9211,0,0.06696732503694576
9212,0,0.27525469527718605
9213,0,0.0257737135159241
9214,1,0.6432258128096134
9215,0,0.028420757273928766
9216,0,0.008553088630301858
9217,0,0.01537826375886734
9218,0,0.07833628875927953
9219,1,0.913563166332161
9220,0,0.009611602596282132
9221,0,0.05594052263420486
9222,0,0.7015980088739195
9223,0,0.0656303529217611
9224,1,0.9165109079784415
9225,1,0.9430010309077069
9226,1,0.8687310580953275
9227,0,0.10331602600716636
9228,0,0.0013480272041988144
9229,0,0.33232803930952154
9230,0,0.2749568686396089
9231,1,0.934105725797994
9232,1,0.7826649547237069
9233,0,0.03838170390363862
9234,0,0.003428465027966545
9235,1,0.8889840094496041
9236,1,0.4817146682149327
9237,1,0.6969913347060124
9238,0,0.014080164440167279
9239,1,0.7844164786614822
9240,0,0.0016900019017305938
9241,0,0.131585513407441
9242,0,0.056922375862247424
9243,1,0.6775663502265239
9244,0,0.758865878503953
9245,0,0.061739032600266565
9246,0,0.0035079033421954934
9247,0,0.3502225718632705
9248,0,0.0004971872069031865
9249,1,0.9615004828963514
9250,1,0.778503405708457
9251,1,0.8161006774912356
9252,0,0.6945873581965435
9253,0,0.028931606275442067
9254,0,0.0013579378123242689
9255,0,0.025614772394180425
9256,0,0.020502238991864232
9257,0,0.00184523133764133
9258,0,0.014700153734386318
9259,0,0.014658726307843414
9260,0,0.8701237679551445
9261,0,0.8493076591363607
9262,1,0.845774314033998
9263,0,0.7834849704583
9264,1,0.9626096599186976
9265,1,0.8831150587144738
9266,1,0.6542091920926312
9267,0,0.2594989668182501
9268,0,0.2127082963220031
9269,0,0.011763838417170757
9270,0,0.02137835600060178
9271,0,0.13203295513287133
9272,0,0.035530839791701234
9273,0,0.0026356069809903263
9274,0,0.8381213854328549
9275,1,0.7802935123494641
9276,0,0.020433314706137337
9277,1,0.9003839224922868
9278,0,0.0063957892793362996
9279,0,0.07357594300878559
9280,0,0.07241397968101176
9281,0,0.37347879246997345
9282,0,0.3934915528441614
9283,0,0.01502018498632361
9284,0,0.005912927794696349
9285,0,0.0033491331959155713
9286,1,0.8894325551363398
9287,0,0.4138272140156286
9288,1,0.9067131025957351
9289,0,0.005801176351094244
9290,1,0.4733982934439528
9291,0,0.003158324050439739
9292,0,0.0631049162313586
9293,1,0.9752225798663995
9294,0,0.009271726838966042
9295,1,0.9648740128276165
9296,0,0.04852424541320881
9297,0,0.05737287394721488
9298,0,0.029822963443823
9299,0,0.019991993032390774
9300,0,0.043229710880902175
9301,1,0.781309636181627
9302,0,0.8561927031136721
9303,0,0.019533770969258908
9304,0,0.16442869669511145
9305,0,0.040642610839147296
9306,0,0.14519995771710573
9307,0,0.8407673238592109
9308,0,0.11913769721879397
9309,0,0.015164108457461212
9310,0,0.015333643591912527
9311,1,0.861238634400209
9312,1,0.9247713947749578
9313,1,0.8294110893862843
9314,0,0.02986737843359153
9315,0,0.324781342912079
9316,0,0.022947281293948407
9317,0,0.05221229332106314
9318,0,0.2963718658826449
9319,0,0.4982479070224867
9320,1,0.3861091019272877
9321,0,0.40715594855322823
9322,1,0.30274740708061837
9323,0,0.01176145417660945
9324,1,0.48281920830177333
9325,0,0.34232871729691494
9326,1,0.798607327549924
9327,0,0.08576785521957127
9328,0,0.03770838653048833
9329,0,0.0818284525326615
9330,0,0.06984177931785909
9331,1,0.6967592998830916
9332,0,0.04741137177562
9333,1,0.8635480235446191
9334,0,0.9504555669146408
9335,0,0.5144893552188639
9336,0,0.4387746196360449
9337,0,0.00833739321364267
9338,0,0.025993117212931408
9339,0,0.038001978055441185
9340,0,0.06635104832566979
9341,0,0.006144760463934249
9342,1,0.9169115924694339
9343,0,0.01259261817542992
9344,1,0.9368204341408248
9345,0,0.16559722943495053
9346,1,0.5778411848074463
9347,1,0.9509232007129036
9348,0,0.004833077634698294
9349,0,0.5768233571958701
9350,1,0.5590670269835865
9351,0,0.04476523018076786
9352,0,0.12725366784948788
9353,0,0.005422397514358523
9354,0,0.0092869117084827
9355,0,0.43768658923742276
9356,0,0.3421246176202719
9357,0,0.001854902124100234
9358,0,0.09052405685789923
9359,1,0.20123031884708942
9360,1,0.6531100672331923
9361,0,0.4227684664888941
9362,0,0.002706324529657464
9363,0,0.043339299650654986
9364,0,0.04178253632524961
9365,1,0.9025700053512964
9366,1,0.7742639428730367
9367,1,0.7040106227347805
9368,0,0.04544925319175307
9369,1,0.858940176162928
9370,0,0.04095963765811059
9371,0,0.011539550827654982
9372,1,0.8774380445857171
9373,0,0.12358992191359666
9374,1,0.9486153947138163
9375,1,0.6623037653327357
9376,1,0.603098146456996
9377,0,0.02323299958734103
9378,0,0.00328882658938675
9379,0,0.014106893856478432
9380,0,0.7550911905405886
9381,0,0.017540522874915008
9382,0,0.035174045947668035
9383,0,0.00497456870759507
9384,0,0.004786047426761403
9385,0,0.018176046619151048
9386,1,0.923201351006599
9387,0,0.007466636699091593
9388,1,0.9371485288175501
9389,0,0.012662403151122154
9390,0,0.028208975601104594
9391,0,0.03376768763477983
9392,0,0.015138226019732564
9393,1,0.9544327316710359
9394,0,0.2863168256647977
9395,0,0.010443453400360934
9396,0,0.0004787608410026065
9397,1,0.7515349355558597
9398,0,0.05349120385758132
9399,0,0.003697203209435717
9400,0,0.2598625143169323
9401,1,0.6071824217127816
9402,1,0.45170633591510934
9403,0,0.011637448447800063
9404,0,0.005658863869614912
9405,0,0.005880306902098779
9406,0,0.23800119179314327
9407,1,0.5165464747659441
9408,1,0.7276436188833831
9409,0,0.015739280582780756
9410,0,0.059019698213411576
9411,0,0.0019875118402007323
9412,0,0.5516216833310407
9413,1,0.9224719633518974
9414,0,0.03515061646743046
9415,0,0.008756592187180105
9416,1,0.83104453829397
9417,1,0.8547722341232401
9418,0,0.035772407691106164
9419,1,0.7944207726488911
9420,1,0.9207043766404235
9421,0,0.08587080916978658
9422,1,0.5169807904585533
9423,1,0.6614931043384593
9424,1,0.9074094488512052
9425,0,0.006884190675395332
9426,1,0.827854749206019
9427,0,0.8735880757931159
9428,0,0.028095950604611154
9429,0,0.28809911776614594
9430,0,0.069725219844965
9431,0,0.06659549465062971
9432,0,0.0819948151212554
9433,0,0.009455816644598325
9434,0,0.013421920703366093
9435,0,0.28383043241944306
9436,0,0.06331332100448489
9437,0,0.03972468620198979
9438,0,0.11531167687015137
9439,1,0.9375875810911107
9440,0,0.011943007246558723
9441,1,0.7800958613972092
9442,1,0.8626978197792459
9443,0,0.19562654674079683
9444,1,0.8576739501565119
9445,0,0.035325275803253536
9446,1,0.8418027724232306
9447,0,0.4008965953799647
9448,0,0.0034103347372324757
9449,0,0.5543336678332385
9450,0,0.012891405093617456
9451,0,0.12270828834184765
9452,0,0.5788904712600851
9453,0,0.481314132838356
9454,1,0.6505143390782231
9455,0,0.2188820432723659
9456,1,0.8841222186154885
9457,0,0.0015107945826245632
9458,0,0.11568716201553247
9459,1,0.08923017139512131
9460,0,0.3121772264858035
9461,1,0.8675441252442444
9462,0,0.07888288744835201
9463,1,0.8580549266739462
9464,1,0.9293092863203016
9465,0,0.027861382247128388
9466,0,0.4297022832668477
9467,0,0.5192423276744264
9468,0,0.3605928593495344
9469,0,0.020582858937999306
9470,0,0.032077209732781616
9471,0,0.06540474053486647
9472,0,0.006184055743799163
9473,0,0.051184172687472815
9474,0,0.007308198464481851
9475,0,0.016747616670827446
9476,0,0.03268803752349881
9477,0,0.13647885175381771
9478,0,0.43126677038069994
9479,0,0.7943682207942632
9480,1,0.8989829921294449
9481,1,0.5575573139081772
9482,1,0.7981680386865625
9483,0,0.03339292590380226
9484,0,0.15952018694765027
9485,0,0.06295958109936636
9486,0,0.010725346719523764
9487,0,0.30718631063321633
9488,0,0.8435371038033204
9489,0,0.7316314085894919
9490,0,0.008971718958480165
9491,0,0.014577867014413898
9492,0,0.14395834312315245
9493,1,0.6951068235675887
9494,1,0.9330376096738205
9495,1,0.7959985954414333
9496,0,0.6604365610180984
9497,0,0.12312151807407876
9498,0,0.5910140063718958
9499,0,0.10305816272675948
9500,1,0.8218201370177989
9501,0,0.008573148197270865
9502,0,0.22306898696734134
9503,0,0.03516627530103241
9504,1,0.5609495762173727
9505,0,0.002458376733003206
9506,0,0.6890412579675532
9507,0,0.06338992635202642
9508,0,0.17958517934260618
9509,1,0.8153782365015119
9510,0,0.004529469623128352
9511,0,0.09290227547293789
9512,1,0.7373474285720378
9513,0,0.0011004376911138054
9514,0,0.05673856917241586
9515,1,0.8735453426325036
9516,0,0.2812324077073736
9517,0,0.0038858039560000753
9518,1,0.6998155715429791
9519,0,0.06810769270592533
9520,1,0.8190201170154972
9521,1,0.8777777120170991
9522,1,0.6201510345027113
9523,1,0.39587293436878945
9524,0,0.008072321595982163
9525,0,0.002974245186403912
9526,0,0.7263055348192639
9527,1,0.1403120616563266
9528,0,0.42125032570078297
9529,0,0.6379416642723768
9530,1,0.9519746704109242
9531,0,0.10458548989947786
9532,0,0.1980219286485364
9533,1,0.6301070314048733
9534,1,0.8830212586437046
9535,0,0.6752877184446415
9536,0,0.3177887240732105
9537,0,0.1555164732647542
9538,1,0.6358189525976479
9539,0,0.05196405585723457
9540,0,0.32040053811979785
9541,1,0.6017724109339606
9542,0,0.06059872728482309
9543,1,0.7015374108825687
9544,0,0.043726648939305265
9545,0,0.8190807865045742
9546,0,0.07204938061127279
9547,0,0.03160025505887335
9548,1,0.6327551751091373
9549,0,0.33713052849309794
9550,0,0.008410342635610938
9551,0,0.004537297025191163
9552,0,0.2530122759782032
9553,0,0.7190279008530334
9554,1,0.8908573354023694
9555,0,0.11990148423926389
9556,0,0.9060493421291861
9557,1,0.7847155430626436
9558,0,0.006804247668244905
9559,1,0.7146641570550883
9560,1,0.9057573864154287
9561,0,0.023235921225659553
9562,0,0.15470932538368354
9563,0,0.06033982797620268
9564,0,0.6876833581899184
9565,1,0.9447486585988807
9566,0,0.20584723716899977
9567,0,0.7488368969276624
9568,0,0.007833403230326212
9569,1,0.4946845267970096
9570,0,0.006881915484861497
9571,0,0.8493128565188082
9572,1,0.8624097459841172
9573,0,0.6697821861295925
9574,0,0.02916111435140481
9575,0,0.08927445455796204
9576,0,0.09338200776026934
9577,0,0.07680536416325527
9578,1,0.9722235824977494
9579,0,0.4639028437426439
9580,1,0.8870254631670903
9581,0,0.0033225090429308034
9582,0,0.0018684562397725674
9583,1,0.7951014753893448
9584,0,0.0036702136599624275
9585,0,0.15318835824472377
9586,1,0.8517616161895332
9587,0,0.24164450450576133
9588,1,0.8865638695514537
9589,0,0.7407741317910087
9590,0,0.01804550043035278
9591,1,0.7926894690035764
9592,0,0.017269422882338823
9593,1,0.5229592252822526
9594,0,0.044371781826866505
9595,0,0.052095095270373794
9596,1,0.9446347407175963
9597,0,0.07026011602400825
9598,0,0.004359314924076398
9599,1,0.18916235307745916
9600,1,0.9656201834012853
9601,1,0.9035628011689956
9602,0,0.04871021456484323
9603,1,0.9722599992261769
9604,0,0.039472685337601676
9605,1,0.8400313104971724
9606,1,0.7561340452907992
9607,0,0.050094203099822314
9608,0,0.011616034113497667
9609,0,0.07133855233829096
9610,0,0.017805963115946503
9611,0,0.009871397072511069
9612,1,0.461245791326502
9613,0,0.7428838908801183
9614,0,0.007121479340672562
9615,0,0.06877552008098253
9616,1,0.9250411039136595
9617,0,0.00831180221104993
9618,0,0.024817306158038274
9619,0,0.7174740584340634
9620,0,0.0034629573192177243
9621,0,0.0030601850444401165
9622,0,0.5268930032216097
9623,0,0.009235168523242292
9624,0,0.012662400782320525
9625,1,0.8641834984081443
9626,0,0.005468004785215978
9627,0,0.010966191168322321
9628,0,0.019803910058055825
9629,1,0.8926875979721571
9630,1,0.6120282634910819
9631,0,0.004282717772242449
9632,1,0.8635347502338339
9633,1,0.6724463873738833
9634,0,0.019465936316279138
9635,0,0.025194261419801828
9636,0,0.003871855932312214
9637,0,0.0028417948613001344
9638,0,0.00254730717142799
9639,1,0.8107253123843252
9640,1,0.7200421417098526
9641,0,0.020495739007098696
9642,0,0.07290187845383023
9643,1,0.43624926830836674
9644,0,0.760378074071701
9645,0,0.8109770078001836
9646,0,0.0056100643366348586
9647,0,0.0035566505471546148
9648,0,0.03886251191328029
9649,0,0.03306549650175596
9650,0,0.009708950218553114
9651,0,0.20743662655621053
9652,1,0.9434550945761659
9653,0,0.020715364937514108
9654,0,0.13957082140298638
9655,1,0.6867756743689517
9656,0,0.0038601598727068622
9657,0,0.00924902542392181
9658,0,0.026683327608204053
9659,1,0.5123306507436369
9660,0,0.9109959537219234
9661,1,0.9506879304148025
9662,1,0.40045228370582936
9663,0,0.03475815324528636
9664,0,0.013295312643311376
9665,0,0.18776629146693297
9666,0,0.015680478123638517
9667,0,0.06013389695514066
9668,0,0.02749973502784668
9669,1,0.7314923949796638
9670,1,0.8923780546818786
9671,1,0.938085006303184
9672,0,0.5894164765756674
9673,1,0.8014465753720965
9674,1,0.7543887763466948
9675,0,0.011953454198969857
9676,0,0.5444463715596957
9677,0,0.06449581877417139
9678,1,0.37763407042134367
9679,1,0.9635490451735342
9680,0,0.012125935960775705
9681,1,0.8808524107826604
9682,0,0.08489955991917092
9683,0,0.001759001282189339
9684,1,0.9424829992623686
9685,0,0.0024245905153676755
9686,1,0.5251243253925677
9687,1,0.7442233133313937
9688,0,0.29993973566018833
9689,0,0.15797650776895242
9690,1,0.8873170657769174
9691,1,0.8873839107551353
9692,1,0.6318724305346518
9693,0,0.12358920441269562
9694,0,0.07455244836867309
9695,1,0.9477039885101056
9696,0,0.0046257409302642594
9697,1,0.9021358014030137
9698,1,0.9150043629210602
9699,1,0.6808342807084105
9700,0,0.10815920445443138
9701,1,0.34727118113693867
9702,1,0.9280658653781592
9703,1,0.9177866953266941
9704,1,0.8396965971981485
9705,0,0.1858133684135427
9706,0,0.02339719089698664
9707,0,0.0843001639107634
9708,0,0.011575202074929104
9709,0,0.005020566812512918
9710,0,0.06106247541268457
9711,0,0.6307018535480649
9712,0,0.9578564591703951
9713,0,0.004592843433483752
9714,0,0.12774899248239105
9715,0,0.0121266135230905
9716,0,0.06819261154903644
9717,1,0.9378460596102846
9718,1,0.7583090743937106
9719,0,0.15801832539933644
9720,0,0.002950701990456953
9721,1,0.8538391507276338
9722,1,0.8233491393305715
9723,0,0.06358608420439325
9724,1,0.9347742738060509
9725,1,0.32863167400870236
9726,0,0.3520784992870942
9727,0,0.26988375546050763
9728,0,0.0028824822394071517
9729,0,0.09687533716284756
9730,0,0.03663476168815657
9731,1,0.8497598494708218
9732,0,0.0051195245885958356
9733,0,0.04695021320184821
9734,0,0.0015649651446101673
9735,0,0.010347590860169006
9736,0,0.13451175427480208
9737,0,0.007803509990825077
9738,0,0.019699591605202498
9739,0,0.23135705303271564
9740,0,0.09496710445936146
9741,1,0.4183037262176408
9742,1,0.4656862207276147
9743,0,0.6122401568598301
9744,0,0.018709039653383955
9745,1,0.9539942845379024
9746,1,0.7830690775277618
9747,1,0.8615728559507783
9748,0,0.018428637297541392
9749,1,0.9666470907904852
9750,0,0.006817209561108074
9751,0,0.4170670907603161
9752,0,0.4324346052595637
9753,0,0.03521016586567961
9754,1,0.057028980044809365
9755,0,0.10761992321254994
9756,0,0.11371256780720619
9757,0,0.11533897055968592
9758,1,0.7077308641421336
9759,1,0.6761399078490342
9760,1,0.4695704299715694
9761,0,0.05993773922789636
9762,0,0.04897765866164036
9763,1,0.7624818528318924
9764,0,0.11823176718538997
9765,0,0.06114575478246265
9766,1,0.02633106740662259
9767,0,0.2776141734038771
9768,0,0.08746588055811491
9769,0,0.08415853539403113
9770,1,0.7271086377106669
9771,0,0.08878305460083055
9772,0,0.6132261575421677
9773,0,0.3707361271938179
9774,0,0.1425551142453447
9775,0,0.0033946893525320966
9776,1,0.776336724319912
9777,0,0.7678990688815934
9778,1,0.13590648629095764
9779,0,0.0018378399653186444
9780,0,0.004524270757145575
9781,1,0.956407271996822
9782,1,0.3480769906784283
9783,0,0.5192443684378996
9784,1,0.8389750248824399
9785,1,0.9382485461250649
9786,1,0.5206955207741638
9787,0,0.5579979285542378
9788,1,0.7786158709555618
9789,0,0.007544687942930608
9790,0,0.034453936668329875
9791,0,0.8694451344060226
9792,1,0.5452008432500255
9793,1,0.3723505664231299
9794,1,0.7468383354287392
9795,0,0.011696455188084856
9796,0,0.0017460810680695253
9797,0,0.30898242138906834
9798,0,0.004446550227909952
9799,1,0.9582534696321416
9800,0,0.049553292768824864
9801,1,0.9327694755284566
9802,0,0.26118831495530326
9803,1,0.9390410418126094
9804,0,0.01304725901897793
9805,1,0.6573789337937289
9806,0,0.49395365155263415
9807,0,0.775464102928811
9808,0,0.9282629115723097
9809,1,0.5931919335924758
9810,0,0.025146842320253927
9811,0,0.738198522521916
9812,0,0.07381485789657004
9813,0,0.6099786470853443
9814,1,0.9341806151333926
9815,0,0.06858908156187969
9816,0,0.0037525492541749883
9817,0,0.057328673953434356
9818,0,0.024934860998277974
9819,0,0.06834881364280275
9820,0,0.8253966508082503
9821,1,0.8215966359415401
9822,0,0.7495735917291582
9823,1,0.6451860440781639
9824,0,0.042891995514371166
9825,1,0.6593281673297994
9826,0,0.13010822938824468
9827,0,0.003977704370843065
9828,0,0.0103521179675503
9829,1,0.6029998328581148
9830,0,0.0039887036929699814
9831,1,0.7130694496784
9832,0,0.35749247026400105
9833,0,0.0026455176787343127
9834,1,0.9551651162196053
9835,1,0.19423393929116883
9836,0,0.0014989119562258514
9837,1,0.9337969144250657
9838,1,0.7398805819976906
9839,0,0.0866454937133287
9840,0,0.010826995545217122
9841,0,0.2950000937796828
9842,0,0.025947101164366018
9843,0,0.2172075516254195
9844,0,0.5175341165158833
9845,0,0.9524194995435276
9846,0,0.13528148706488935
9847,0,0.07119061044301775
9848,1,0.9313825377624954
9849,0,0.004225785306564364
9850,0,0.055277988440371593
9851,0,0.1818965513263145
9852,1,0.7162011449871664
9853,0,0.006416982824922724
9854,0,0.050550621016843336
9855,0,0.011742164204615511
9856,1,0.9226036531173266
9857,0,0.20770909126133197
9858,0,0.00344520503283036
9859,1,0.8278298351674371
9860,0,0.0302632969160566
9861,1,0.924895713539714
9862,0,0.04074458364622377
9863,1,0.7650566267836766
9864,1,0.9313615842777109
9865,0,0.008760533451886023
9866,0,0.007624732877961039
9867,0,0.01416599589054313
9868,1,0.8582532287467037
9869,0,0.05717758861966786
9870,0,0.015422453548157043
9871,0,0.038470212555311176
9872,0,0.23574755134437322
9873,1,0.5351620261423389
9874,1,0.9142885750328973
9875,0,0.008413245587623762
9876,1,0.8934434288289671
9877,0,0.05157395072242775
9878,0,0.043326815001149765
9879,0,0.001698160603316145
9880,0,0.05803882648329121
9881,1,0.8447574410381
9882,0,0.012995452386786704
9883,0,0.06263564096946554
9884,0,0.008415201344623213
9885,0,0.13649490777991274
9886,1,0.9133229280699607
9887,0,0.283582211053806
9888,1,0.7682670088139626
9889,0,0.042388483889982564
9890,0,0.00846944167882848
9891,0,0.013136564109754065
9892,0,0.057871800036963336
9893,0,0.10468844743394189
9894,1,0.783766019515781
9895,0,0.8701163306202553
9896,1,0.890210658085753
9897,0,0.017626711565307925
9898,1,0.7863986137415295
9899,0,0.01197028593776064
9900,0,0.01296091898881754
9901,1,0.7845277914962479
9902,0,0.7552400192988526
9903,0,0.011117360110146579
9904,0,0.14212496375262323
9905,1,0.73019428049342
9906,0,0.2813726650142242
9907,0,0.004964587723926748
9908,0,0.6548739195694194
9909,0,0.005558546671879687
9910,1,0.8345606327064767
9911,1,0.9422493188372028
9912,0,0.032309264100379424
9913,1,0.48594438350789754
9914,0,0.003997377358262241
9915,1,0.879909906292188
9916,1,0.7379735456655611
9917,0,0.01562302145180302
9918,0,0.8552523195448007
9919,0,0.015575108503024689
9920,0,0.02380883004963669
9921,0,0.012615518832747575
9922,0,0.06817208099934702
9923,0,0.00755299574872192
9924,0,0.002979681040247915
9925,1,0.9611529497332854
9926,0,0.01974027309761955
9927,0,0.23666239046077328
9928,0,0.16201866092825568
9929,0,0.00461262325597124
9930,0,0.0026911480141661253
9931,0,0.15968715585145213
9932,1,0.8761603267310868
9933,0,0.05239044780675289
9934,0,0.024189419505530607
9935,1,0.9154211642451382
9936,0,0.008451966029325972
9937,1,0.968305934159205
9938,0,0.056242698120749474
9939,0,0.0029685072949721353
9940,0,0.8269430228312697
9941,0,0.16869173165607043
9942,0,0.0037551194804182403
9943,1,0.8591890034471206
9944,1,0.921115824763071
9945,0,0.002762212631887645
9946,0,0.9396815596481499
9947,1,0.11691678909507669
9948,1,0.8277863428646298
9949,0,0.05329008903261802
9950,1,0.8977142563989811
9951,0,0.002002157708870972
9952,0,0.11737589665402758
9953,0,0.01671907429129311
9954,0,0.7911731633962495
9955,0,0.0020353832992000536
9956,0,0.3575729683567937
9957,1,0.42798888300893595
9958,0,0.15923065909003928
9959,0,0.011778967508667427
9960,0,0.02256783510996628
9961,0,0.013516479732309798
9962,0,0.007722282832598854
9963,0,0.002669320227793552
9964,0,0.006129571532913465
9965,1,0.9550772479564225
9966,1,0.8116551744539511
9967,0,0.7146814894102042
9968,1,0.8287790324066444
9969,0,0.006968782092607171
9970,1,0.5278804795270134
9971,1,0.8476265162497928
9972,1,0.8895805798178313
9973,0,0.09896034564960227
9974,1,0.9263902113781185
9975,1,0.6142882048440544
9976,0,0.07659578455118136
9977,1,0.9232239953525792
9978,0,0.0825398631660859
9979,0,0.003658880722276185
9980,0,0.01868650962420461
9981,1,0.8284527878122405
9982,0,0.09935032513954466
9983,1,0.8644425154660624
9984,0,0.08998434128148207
9985,0,0.03373363943394353
9986,0,0.004973184733915976
9987,1,0.06637056361614439
9988,0,0.017632795642581238
9989,1,0.902547877776956
9990,1,0.8905763629598664
9991,0,0.013187297324312335
9992,0,0.11938713056772048
9993,0,0.011106441762243173
9994,1,0.842706422294821
9995,0,0.14703856212479774
9996,0,0.04948345465085634
9997,0,0.17002691287268268
9998,0,0.024044529111648453
9999,1,0.7501274783038396
10000,0,0.009983466793052667
